1.1983837
1.1503336
0.9646714
0.8887034
0.9068937
1.3637406
0.9528815
1.6566198
0.6526394
1.6114982
0.9001057
0.9149433
0.4264912
0.3241674
1.0508996
1.0036887
1.8087023
0.5190132
1.5280797
0.9133721
0.6674544
0.2859089
0.6806351
0.2699581
0.5855449
0.3582765
0.5813605
2.9799297
0.3650379
0.3820781
0.3463916
0.9799835
0.4838386
0.8810104
0.4615473
2.0061049
3.6437318
0.2659182
0.202355
0.232411
0.5599778
0.3086321
1.5333948
0.3390591
1.3333663
2.3375413
4.7585769
16.7856865
0.5973398
0.4216572
0.2609997
0.9494321
0.7676758
0.459499
0.4905758
0.59964
1.3224807
4.48385
4.034544
1.8139313
1.0286463
0.2079127
0.2496466
1.5828723
0.6951399
0.6724058
0.1777967
0.5884338
1.2961785
2.0819526
2.9386311
6.2277761
14.6616726
3.0536797
1.2342343
0.0687625
3.3279095
0.5323622
1.6819597
0.9826284
0.6611997
0.9610929
0.9258656
2.4957659
4.2780066
11.4237947
7.3707576
12.2813492
0.4110623
1.3441695
0.1416912
2.5407114
0.9594688
1.5294497
1.8411901
0.5235237
0.2750122
1.2884734
1.6908714
2.1951525
3.046164
4.9358053
1.025663
0.765793
1.4462016
2.7734604
0.7235279
0.2631003
0.5845942
0.4085095
1.1991616
0.9210998
0.8870042
0.3222235
1.0448055
3.321589
13.6507578
12.899579
3.1498246
2.5571477
5.4935951
2.7842519
0.3453314
3.2694342
0.8414128
2.2745638
0.2864711
0.3473486
0.2179123
0.2514865
1.9263953
0.6680794
5.2443948
3.5063143
19.5875874
1.7760727
2.5901272
7.3578196
6.384913
1.4092393
6.2967734
4.9085937
11.4785805
11.42593
3.5639455
0.704057
2.0406637
2.0430236
0.7874381
1.2562463
9.5920963
3.5947766
20.0578537
1.8330448
2.398649
2.1064668
3.9443915
2.070241
1.6125131
8.4529562
6.5900836
9.5716457
7.8179555
0.5529096
0.4788827
1.4181402
0.5438831
1.8741843
6.543879
9.3642168
2.2945945
0.1796796
2.0261605
1.2778537
1.4766583
0.8690365
1.8578269
2.9954679
1.8369769
0.2549698
2.503268
8.4202394
5.0299559
7.3113365
7.3707333
5.6922817
0.4602562
0.6983939
1.0277836
0.3493148
0.5134351
1.7344618
0.4220435
0.7060838
0.6099735
2.5945952
0.3085185
0.7960302
0.2906725
2.2096024
0.7117949
1.1154053
1.5023359
1.1674373
3.6741292
0.59185
1.935244
8.0085421
16.404459
5.307795
0.4987078
0.1185433
0.6166654
1.1311355
0.7521768
2.3009636
0.203081
0.6967452
1.5878962
0.0351137
0.240687
0.4863262
1.0220423
1.4198331
2.3004107
1.4460682
1.5810951
0.8664361
1.1164
4.1048326
5.3573236
1.6545382
11.7493534
9.197237
4.606565
11.4466438
0.350989
0.5674028
0.6620273
0.7844127
0.5095236
2.8664455
0.3217461
0.3406506
0.8004258
1.5056839
0.0642822
0.4755641
2.3041511
10.3276768
1.184562
1.3237033
1.2915971
0.4679371
1.2112368
0.1642196
3.2322898
2.4589372
2.4960475
4.8054781
7.8014607
11.935854
8.804019
1.5519062
0.254112
0.9465297
1.1688517
0.062658
0.3149385
2.8649786
0.2716234
0.9132224
0.3704627
0.2448559
0.2188413
0.7094496
0.6819077
1.7257506
1.156683
0.3648107
1.5447851
0.866166
4.0618114
1.1714755
0.6564696
3.7848206
2.2626073
2.1507907
5.2731586
10.3696871
11.0182571
7.5690813
8.23318
0.8058711
0.2606318
0.6434728
0.141731
0.6414249
2.191
0.382743
0.7838221
0.5716965
0.4541268
0.9004185
0.843109
0.0834006
0.1535942
6.0657535
1.5814617
1.9143192
0.9348667
0.6899916
1.0188602
0.2852117
1.0042843
5.8465443
11.021986
1.7017626
2.2260015
8.3853912
9.9911346
5.3859715
5.8082886
3.4380877
0.2333937
0.7118542
1.2950993
0.9165747
0.9948438
1.4494227
0.5310826
1.7434088
0.4046625
1.4165865
1.8185966
0.6351526
0.2716273
0.6840984
0.3155907
5.2074437
2.5450151
0.3655124
1.4056979
0.2549239
0.6607263
0.658414
1.3433862
1.2075771
1.9338506
5.379137
3.3761842
2.2916143
6.3482323
7.7711091
6.1396346
16.0644379
8.9920626
0.466838
0.7442031
0.3890987
0.168246
0.8703949
1.5635438
0.8833394
1.1138743
0.1718511
0.0361659
1.9186145
0.2533559
0.2497155
0.693813
0.4352953
0.4787541
1.8473799
1.1029185
1.708303
0.4137436
0.4110415
1.1703365
0.8671538
1.026427
9.0784922
1.2144157
0.8051266
1.7045068
2.1503596
2.2521014
6.0647306
7.874619
6.3683267
3.400671
0.3210869
0.612081
0.0914478
0.3744381
1.0922157
0.7816377
0.5123775
0.516162
0.4300065
0.5217867
0.4628922
0.0298789
0.0944579
0.3628964
0.4836459
0.5890628
1.159057
1.5937626
1.1484355
0.404958
0.8948161
0.785839
0.1429362
0.7773991
1.1436975
1.906674
1.0001545
0.5094301
2.9072788
1.6893337
1.5763712
7.1497989
9.10709
8.3109884
7.4224129
6.821332
0.673102
0.2731347
1.185316
0.7573226
0.7199093
0.9733015
0.4140827
0.2707499
0.1964445
0.0928789
1.1541712
0.4466498
0.2145574
0.4871425
0.5360347
0.9711171
0.8199579
1.0920883
0.9729249
0.4463233
0.9942327
1.1732914
0.891711
0.583299
0.5165145
5.6139798
0.8118054
1.6210825
1.7466688
1.2153771
2.0800955
3.2208388
4.6580715
6.4446721
8.1570301
6.9880972
6.2012281
4.2500663
1.9691248
1.3902905
0.6390185
0.2811199
0.511942
0.8394855
0.439729
0.3312793
0.4007896
0.3745805
2.1546981
0.4433114
0.2291146
0.5980212
0.7290782
0.4069499
0.6086261
0.2783973
0.7589893
1.639577
1.0433762
0.8353242
2.5315137
0.673153
0.2973932
0.8455671
1.0544719
1.2759233
1.2791033
2.2002277
1.07441
1.551785
2.115458
3.3481321
5.2817101
8.8551922
7.6599441
1.3850812
2.6313355
0.6110572
0.5197037
0.3617178
0.8621122
0.9678169
2.0463946
0.2811021
0.7648163
0.2290201
0.7388479
1.8011665
0.266456
0.3052852
1.3706417
0.403973
0.3537135
0.4323158
1.3613385
0.4154902
0.613716
1.2848407
0.4183728
0.8535522
0.7526559
2.1720507
0.7858703
10.6430101
1.0970616
1.3626716
1.4401512
1.5664958
2.5010374
2.845634
2.6369495
2.1988699
4.2512999
9.1663141
7.6894202
6.8672161
2.3112819
4.8184795
0.4455281
0.6792639
0.1768627
0.0518052
0.9654409
1.1739748
0.3288246
0.7113773
0.3819914
0.6565659
1.541893
0.4986509
0.0457404
0.1648685
0.24546
0.4285207
1.5773269
0.4092291
1.3774203
0.2777598
1.6985767
0.3403785
0.3032613
0.7233534
0.2438362
0.7346327
0.8572807
1.8503199
1.0494201
0.9874482
0.6249354
0.6569366
1.7122182
1.6263896
2.6694632
4.1058984
3.7228563
12.1443214
7.417047
4.0847945
3.0763776
4.327539
0.9991474
0.4645168
0.786444
0.657217
0.6010711
1.7422003
1.0508111
0.6332616
1.3012431
0.2635902
1.4329329
0.0960944
0.4854433
0.3998086
0.1376918
1.0325916
0.5327095
0.8111584
1.9970553
0.4725493
0.2561989
0.3707473
0.6593344
0.5776113
0.7321504
0.0003091
0.0968249
1.4522821
0.0761727
1.1548823
1.8888236
0.1416794
0.3245512
0.9256828
1.1855308
3.062757
2.104619
3.0422802
4.6227632
3.0483627
4.5080814
4.7549343
0.9149228
0.8017566
0.9087499
1.4079471
0.4055408
0.5074097
0.2733025
0.612744
0.3663328
0.5126769
2.5503538
0.1712465
0.5034587
0.3092464
0.3276123
1.2601938
0.5956914
0.2150262
0.2833686
1.3874583
0.9745246
0.4091623
1.0013809
0.5029446
1.4668691
0.5540667
0.0765293
19.4919052
0.5979156
0.4593744
0.9132038
0.2570871
1.2889103
1.2982253
1.4505528
3.0902107
1.9289052
2.7500472
2.3394711
3.3637726
4.6809578
5.5132785
5.2139835
0.5101147
1.1378618
0.6206678
0.8033391
0.440304
1.1040155
0.6090294
1.0222874
1.3185591
0.2605827
1.8426492
1.5723633
0.7249637
0.2358607
0.1112502
1.0092473
0.3864696
0.567935
1.8463601
0.4107446
0.2717015
0.2170352
0.3464898
0.366288
0.596273
0.9594201
2.942359
2.7885036
0.7365659
0.6917498
1.5285534
1.9877648
0.2699873
0.7239537
0.6269579
3.2987964
1.7516927
1.6927823
5.5159965
1.684204
4.7708988
5.0692415
5.3349514
0.6205393
0.629828
0.6894396
0.4613751
0.557319
1.8770428
0.5582829
0.18496
0.5186339
0.3141608
0.4337805
0.6737432
0.1892856
0.0112003
0.7896655
0.5270513
0.6839516
0.9690527
1.6088814
0.5074103
1.3240141
1.9498186
0.4266045
2.1458788
0.6946914
0.1611259
0.484612
0.61629
0.7891287
0.2879567
0.8182121
1.5768508
0.9788216
0.5031337
2.4078274
4.0506797
0.9595833
1.670837
1.7779095
2.9738789
3.2080693
5.4668016
9.4095469
7.4384184
0.4553531
1.4785514
0.3610612
0.6553507
0.414895
2.2805178
0.3633838
0.51453
0.4314287
0.1571743
0.4972899
0.4935985
0.264426
0.3144969
0.213171
1.4711702
1.0550311
1.4534051
0.5246621
0.3356157
1.1049052
2.3165631
0.3313553
0.2038792
1.8667163
0.1992106
0.019402
0.4501321
1.0496832
3.5594919
1.2522178
0.5375772
0.9744937
0.4439549
0.3583484
3.5852151
1.5843031
1.2412251
1.5798596
2.2098162
2.7175577
3.6481419
6.9844708
12.2704029
1.1178792
0.1262947
0.41508
1.025053
0.4426228
0.9153507
1.7504221
0.4245292
0.8228291
1.0908282
0.6452393
0.382125
0.0927554
0.8754634
0.7557102
0.8438593
1.3571906
0.6818346
1.3265622
0.7755616
0.7820851
0.0883747
1.221198
1.3373511
2.1470704
0.4671252
0.8603489
0.8638959
3.1398895
1.1442398
1.631112
0.9784591
0.6909039
1.4927868
1.1873567
2.2231607
0.2223752
1.5269946
0.8918973
1.0149411
1.8888431
2.7270024
6.3612108
9.7907429
5.0079279
1.4720447
0.9533266
0.8299789
0.7402446
1.4001693
1.6548468
4.3784456
6.0264907
4.0580835
0.4525886
0.2273842
0.0348447
0.2570396
0.9554268
1.0697834
2.1520779
5.2049136
2.7338722
1.517372
1.5668532
0.5598295
4.1166925
1.2667124
0.779933
1.0607502
0.0847957
0.6840898
0.5433734
3.3448238
4.2581501
0.8049552
0.3488622
0.7237847
2.8283627
0.6833969
0.3652359
1.0340601
1.2105885
1.0092593
1.4977844
2.2651038
1.9345323
3.4399972
12.2608194
8.3622389
4.8477612
0.776187
0.4624568
0.6431799
1.6750566
1.2161278
0.5660227
0.1329483
0.4259033
0.1121078
0.5282629
1.9834244
3.6240907
0.6974537
0.6172962
0.8753613
3.7548661
1.0772672
0.4135692
0.5209332
0.204706
0.4740422
0.3510436
0.6778018
1.125219
0.8834592
0.2804258
0.279559
0.7753894
0.612995
21.0248127
1.1314536
0.3803181
0.6394893
0.4276942
0.4454277
0.3370725
1.965791
0.7488264
0.3063648
0.4848025
0.3240789
1.453648
1.7242634
7.5387664
7.6341262
6.8134761
0.1417876
0.7635646
0.3996118
0.4521528
1.5766033
0.7974247
2.6176107
4.2782769
12.0244951
0.6909059
2.7991719
1.2599263
0.2348591
6.5434589
0.8377669
2.0555713
0.9657674
0.8032641
1.0860654
1.1780102
0.768395
0.7648019
0.109462
0.95823
0.8065712
2.7908158
0.5652654
0.4100113
0.5611801
16.9687805
0.7167313
0.4733051
0.2357843
0.8741846
1.7484698
0.2277463
0.4031255
0.9810513
0.6854708
0.2534784
1.1065061
1.8220193
2.3416169
6.1132197
8.4698944
6.2689095
6.1372948
0.5241727
0.547865
1.3583364
0.7606295
2.1593325
2.5843687
0.7683564
2.3666444
0.4276639
2.0741487
13.8180456
1.4448647
0.4028932
2.7585309
0.9856573
1.2785393
0.9312391
0.9765621
0.9530511
0.7448068
0.2477265
0.4172196
0.8137345
1.5295395
1.6575003
0.8421246
0.9273848
1.2916027
0.2609454
1.3269961
2.4391885
3.3431597
0.6794209
1.4084774
0.6557972
0.6091286
0.5503604
1.219649
1.2524527
5.1248188
10.8575277
5.4652982
7.6748233
1.4077958
1.0336499
1.6369294
0.7022114
1.8746276
1.2077266
0.8971867
4.9415913
1.4452543
9.0424891
3.6946328
1.2268569
1.9125243
2.5471001
1.6004454
7.1536908
0.6712212
0.2521747
0.482092
1.4526838
0.224969
8.48559
3.3089676
1.6118227
4.3213553
3.0980577
2.82974
0.3706738
0.9754672
2.6212261
5.7552128
13.3717127
8.609149
5.4557538
4.7788882
0.7990814
0.6175609
0.210412
3.24067
0.9728008
1.2077242
6.2929697
3.0720351
1.0373083
1.5929043
1.0657486
0.8802094
1.0800337
0.8873947
2.9768152
0.958705
2.4570668
0.7457207
0
0
0
0.0183595
0
0
0
0
0.3437844
2.3820963
1.0847675
9.0841379
6.503962
10.3338737
4.8535194
0.9603586
1.4727246
0.3500249
4.6602831
0.8822462
0.6891596
4.4410243
1.2682163
3.3042684
0.7143096
0.2541842
0
0.0384676
0
0
0
0
0.0643668
5.6916738
2.5886095
3.7558475
7.0707316
0.6739723
2.442862
9.723793
11.8470039
7.4083366
1.0270019
1.0181452
0.3117028
0.7661273
2.7039034
0
0
0
0.0974583
0
0
0
0.6638832
1.8422912
6.6608906
2.5512033
0.9034066
0
0.1858131
3.6094966
1.8347967
4.5410924
27.8725529
14.9067822
4.8841166
3.2396371
0
0.1832524
0
0.0524558
0
0.1860534
0.9375755
13.7239618
0.8183072
1.0502163
0.5230513
20.1060143
1.3126882
2.766139
0.6684889
0.6661766
2.0706124
0
0.569221
2.9426589
21.1472588
4.5825424
1.0203768
0
0.0173013
0
0.4001186
4.0736613
0.3500667
0.3557998
0.8618434
1.1886624
0.4288772
0.6486537
1.2154388
1.4354055
1.5072107
0.9214
15.3199644
0.0977505
5.1363645
2.1957805
1.714927
1.6903008
4.8674212
1.1514503
1.5085219
0.2245863
0
1.1717594
19.0488605
15.1963797
3.6789532
3.5862865
0.0653362
0
0.9498567
0.3821554
0.6887833
0.9974231
0.3559522
0.3192292
0.9909807
0.2438987
0.7060073
0.8373004
0.7646688
2.0352032
0.7640634
0.2530114
1.1018424
0.3766722
0.7857213
0.5885232
0.1487101
9.2531195
0.2640876
0.6081794
1.3012023
2.0115213
3.7921081
5.8903179
2.912004
1.4970543
4.6377926
1.4872196
1.0891749
2.6637712
0
3.4136717
19.3141651
9.1088076
2.3235104
0.7907497
1.541224
1.638788
0.2403396
0.2989121
0.9245744
1.1009265
0.9314428
1.2456312
1.3998621
0.3094163
0.3399945
0.538991
0.4260048
0.6015902
0.5341914
1.3563938
0.537123
0.3563116
0.4632454
1.031593
1.0885736
1.052767
15.8286419
1.0640612
0.1955517
0.8192129
4.0138288
5.7273417
1.2570006
3.311888
1.0918851
1.3430423
2.775387
1.0047488
0.7305248
2.9324229
1.7406368
0
10.1938963
23.4874039
15.0219078
0.9286001
2.426158
0.50086
0.6355436
1.4202849
1.4440941
1.258714
1.2045951
0.6257005
0.9971237
0.5020396
0.195649
0.1246032
2.258918
0.3954956
0.4237112
0.6451129
0.1254049
0.5474384
0.6730177
0.9279293
0.7295916
0.6759648
1.1517408
1.4281938
0.5948359
0.6354902
0.4035358
0.6052125
12.9870596
0.2260711
0.8282601
0.8406954
3.4090126
1.0665352
1.2495278
3.2103782
1.3539019
3.4178872
0.4305936
4.5599427
2.4248166
0.7782499
0.838064
2.0048416
0.012228
0.1752611
32.4236794
16.0880661
0.8614675
3.0754998
0.6529632
0.6060604
0.2744119
0.7890326
0.8103399
0.7767071
1.2990118
0.7308009
1.6215335
1.1763732
3.256443
2.7079916
0.8442407
0.5931826
1.4415733
1.0229684
0.4977289
0.727382
1.1339996
0.551011
1.1760505
0.5724893
1.198922
1.1072373
0.7745626
0.8334522
1.1881561
6.64715
0.2470305
0.9967878
1.3894974
1.1374606
0.2721221
1.0071687
8.625514
1.6152771
3.5673227
0.9647148
1.5957193
3.3682878
0.5174625
3.8267751
1.8772868
0.6775521
0
2.7333848
0.6823522
32.1775322
5.6426311
1.2649832
3.725744
0.5311336
0.5997593
1.1354455
0.3248808
3.1962945
1.1265905
0.4802715
0.9575937
0.9066833
0.7638206
1.169718
1.3496542
1.3278292
0.444712
0.4708681
0.46343
0.5233281
0.9442931
0.6553854
0.7618453
0.4134668
0.1782963
0.1435069
0.6403753
0.2734323
0.9164796
4.0147743
0.8917164
1.489688
0.5267925
2.9742885
0.4138446
7.0276246
0.8919656
0.8784125
0.4378628
1.7859629
0.4474479
0.0903843
1.7296886
1.7142447
1.0399328
7.0987258
2.6245615
1.1283284
8.5857487
17.0290871
3.8417389
1.6679516
1.437163
0.5290855
0.8334643
0.9947932
2.2123246
1.1464888
0.6124212
0.2586507
0.5489642
1.2499983
1.3381829
0.2014222
1.6787688
0.1878484
0.2384479
0.8071723
0.4426929
0.3400615
0.6687658
0.9050256
0.3515635
1.3078012
0.4290572
0.6747633
0.9456592
0.5323324
1.4158807
3.3714566
0.5281828
0.8988281
1.2634687
1.1904942
18.5641251
0.9668168
0.2007623
1.9964527
1.4182092
0.2511469
0.2134663
1.6588546
0.8406935
2.6744573
1.9248798
2.8017268
2.3482645
1.0949628
0.1832148
3.9384155
4.7567191
24.1963787
4.6092596
4.651567
0.6888541
1.005228
0.8568286
1.2840389
0.2426636
0.6597899
1.9296925
0.7491401
0.6819656
1.7392541
0.5748613
0.7679652
0.8135366
1.2520121
0.2017111
0.3299146
0.5749066
0.577022
0.371087
0.5684131
0.530953
1.02301
0.9004775
0.8135244
0.4303911
0.5789532
0.0755341
0.8880593
1.4100415
1.1174755
0.2683106
1.8635377
1.37914
13.3457308
0.3171285
0.3855632
2.7037039
0.9806477
6.7311468
0.984284
0.952225
0.1789496
8.9726162
2.9213223
0.6018579
1.2654711
3.1477687
2.0208995
29.4423447
6.3060045
0.6359151
6.2095642
0.8308169
1.1696333
0.9524513
0.4940153
0.5841056
0.7436795
0.4120416
1.2435755
1.1235915
0.214763
0.3472065
0.4206145
0.9529921
0.6198573
0.8483348
1.5495075
0.4477253
2.0630069
0.6061335
0.648918
0.0986611
0.6547104
0.24984
0.3522227
0.8608482
0.7835476
1.5917724
7.3630948
0.8504506
0.1408791
1.3387927
2.6421776
0.9791684
1.7365701
8.9254627
0.6261135
0.8145409
0.2801094
0.4970954
2.4890735
1.5803546
0.7708645
0.7907028
2.0942681
1.3816297
1.1353867
1.2665511
0.3284293
4.8005834
37.1422272
4.2695551
3.1295216
1.14837
0.4294747
2.9800851
1.3514736
0.1907725
0.575312
1.3054639
0.5057253
0.6422987
0.9097964
2.0927949
0.302799
0.870069
0.4914311
0.0273216
0.7572497
0.4368999
1.0271955
0.5837082
0.9509716
0.0599246
0.540478
0.4683621
0.9438748
0.5464066
0.2387776
0.2106815
3.6103585
1.7864355
1.5891588
1.3303434
2.0583847
0.6695375
0.7317129
0.5728389
1.5302789
0.7940129
1.3797613
0.2705303
2.1443706
2.0603333
0.6719589
3.3424633
0.7472062
2.6375778
1.6122061
0.5944723
2.7744184
1.1160231
0
7.1101613
4.9792423
2.6583786
5.9902363
0.2883779
0.3918735
0.8598463
1.4490546
0.6170502
0.9125781
1.0717918
0.8802181
0.6394404
0.951133
0.7806398
0.6818362
0.3071391
0.2614317
1.0201505
0.4358214
1.0220643
1.2060008
1.0587208
1.0375633
0.2634342
0.5013345
0.2402076
0.1927567
5.2621655
1.2446144
5.0617027
1.8955272
0.5029757
1.5314394
0.6738515
0.6074489
0.4885627
0.9537131
10.7734346
1.4959352
2.4522295
2.9486163
0.6571645
2.0743489
1.6805992
0.1579495
0.5515614
1.0212513
2.227967
1.070731
2.7162905
0.8900188
1.2375301
0
30.908186
5.829484
3.996953
4.3424006
1.1729183
0.40534
1.2530409
1.446018
0.7099955
0.6681619
0.6069742
1.4580998
0.2724237
0.4720809
0.6606361
0.9011403
1.3443196
0.1396527
1.1771934
0.5512469
0.7383364
0.5611237
2.6884658
2.2525613
0.3753006
0.3572065
0.850638
1.1687198
1.5620276
0.7517002
4.6629405
2.7626348
1.4849699
1.4917485
1.3702645
2.3331041
0.4914626
5.7685628
2.4636743
0.9284917
0.0245359
2.6096699
5.0685849
0.8096477
1.6639884
0.9140697
1.0063037
0.2261075
1.2344164
2.1274476
0.7465878
9.2844353
0.8308457
1.6675837
24.6212921
8.3030958
6.4731383
5.3865056
5.9161663
1.1393592
0.7060443
0.4378819
1.076579
0.6040807
2.1757619
0.5660331
0.9301597
1.699371
0.75335
0.8011329
2.1601856
1.1439667
0.4443879
0.5403656
1.2653657
0.5467224
0.3247383
0.5465903
1.1584365
0.2734013
0.6396545
1.0328475
0.1248793
2.5854206
0.0563765
1.3813888
0.2680732
1.277346
1.934872
5.1537085
0.6911815
10.1587982
0.950649
1.011856
1.3190416
0.3089393
1.1543925
0.9288488
0.4714223
0.6143785
0.8078093
0.7714167
1.5384643
0.9586749
4.4876332
0.7520061
3.5950706
1.442567
3.2588012
1.6561447
0
5.1484113
4.389358
2.813437
3.5534341
0.9543457
0.8494155
0.9293602
1.1996044
0.7512423
0.7800319
0.6942046
1.0778525
0.3905859
0.5824349
2.4298046
1.1036912
1.0220319
3.5465772
24.7051353
22.0716457
9.0978432
2.5512102
0.6373507
4.6040854
0.6099404
0.8673511
0.8107013
0.9317648
0.2719899
1.979264
6.1527433
1.9953678
19.3082256
9.8607788
19.1451283
5.2169533
1.0134404
1.9456304
0.7783573
11.1277418
0.8236575
0.3911631
0.0737005
1.640234
0.1437251
1.9595733
0.3200498
0.3917473
0.6717219
9.3905849
0.5470281
2.8261275
0.2680026
10.6074638
1.2298571
0
26.7637482
3.1008329
6.7322712
5.7716269
5.4582944
0.9808205
1.1667831
0.6530436
0.5636038
0.1317333
13.2635641
13.3321371
0.4312267
18.6818924
1.3203436
0.7476349
0.2178156
0.4693559
0.3101768
0.2225008
1.0387845
1.1226625
0.4060774
0.3515315
0.9170601
2.1780889
0.3307063
0.6094377
2.2349133
1.1328287
0.5233267
1.2850016
2.3724439
1.7681915
2.553498
1.112087
0.6377414
0.3083238
0.0936289
0.4328785
5.9270811
0.5519488
1.4544445
1.9069979
0.497808
0.1514998
0.4752944
1.6582158
0.8628341
0.7762682
8.9347286
0.4756927
10.9028244
3.1986892
0.3080164
1.4853773
1.3532282
16.294323
12.9005327
4.3366985
5.8363194
5.9727139
0.4750825
0.6864144
5.1891375
0.659379
1.437204
4.4086385
1.8637314
0.6445677
0.5942413
0.5292804
0.9884462
0.0414077
0.0410741
0.3260345
0.6177565
0.252995
0.4491952
0.3046785
0.5623495
0.6036674
0.5123904
0.3053495
0.1905069
0.3292195
0.3084217
0.4060899
1.0825356
1.4001459
0.553437
0.2607437
0.2807545
0.5439008
1.1976601
0.7525089
0.8166477
2.9096999
6.0118418
0.5238503
0.7327213
1.4488701
0.5225341
1.321537
0.3600958
0.5371392
0.6949607
2.0422888
0.6041452
0.9837595
0.581468
1.7715386
1.2280768
1.4105191
2.1163042
0
22.5805473
31.2317352
6.0257597
3.8916576
6.6341901
0.611444
0.5670924
1.2905568
0.7414106
1.0023009
0.1771736
0.4569175
0.2000245
2.1158183
0.7989349
0.2028909
0.5639904
0.2839184
0.3998532
0.4857934
0.2913107
0.1413851
0.6806635
0.2308742
0.5709594
0.3444722
0.5802941
0.5990186
0.5110028
0.3508492
1.0921954
0.786666
0.351401
0.3552369
0.4140422
0.4595506
0.6520628
0.1592507
0.9067101
0.392268
0.4234269
3.890605
0.5956118
0.672854
2.5149827
5.619482
0.8062215
0.8084393
0.4904737
0.1653193
4.5748544
3.9502294
2.9891753
0.2466417
0.2334277
10.6663952
1.1247183
1.9302055
5.2992835
3.464977
15.8500481
23.9197311
7.9476233
0.2345356
0.580597
0.6296892
1.1431695
0.9354534
0.2570684
0.4027466
0.5382221
0.4863506
0.9872084
1.2737908
0.2440625
0.8055493
0.7447347
0.363521
0.7402521
0.2500876
0.4743869
0.2728895
0.3323192
0.3674519
0.6854742
0.7379481
0.2740545
0.5631188
0.9618115
0.7215981
0.1369624
0.0415448
0.9959638
0.5919947
0.2450416
0.1456408
0.2659545
0.8779054
0.8477141
15.2563953
0.3356339
0.1602179
0.5140563
0.3407283
1.7841125
0.523403
1.6103312
1.042245
0
0
0.7768719
1.0187995
1.3238032
0.4317299
1.2317001
0.934395
0.7087044
0.7774522
1.4860466
5.2675767
19.8440342
8.6777687
0.6779608
0.7023359
0.8848181
1.5566114
0.6651405
1.2946084
1.6469517
0.5689614
0.2450954
0.5626523
0.6108674
0.7951037
0.1345264
0.546577
1.0770867
0.3578666
0.3369694
0.5605032
0.2147003
0.5076385
0.4028984
0.3878001
0.27263
1.2824831
0.1126036
0.6275268
0.6011207
0.3729118
0.3735656
0.5458942
0.5952564
0.1023766
0.5438977
0.4132563
0.5360749
0.2879565
3.7080407
1.6365438
0.6357448
0.6617517
7.3774385
0.8650169
0.4623778
0.2516599
13.4560957
0
1.6606734
1.3170599
3.2006645
5.9495411
2.8985505
2.3185461
1.4395926
0.7569411
0
1.0406436
2.2156394
4.9160409
44.1271515
3.9031928
0.7461576
0.75213
0.6342602
0.4136396
1.09374
0.5186398
0.5446665
0.4771355
0.3342525
0.5105031
0.0899817
0.7916356
0.4553894
0.506327
0.2624278
0.5064134
0.3445159
0.1519485
0.4333625
0.1593515
0.4261679
0.5703627
0.2202046
0.4014651
0.0069117
0.2197258
0.3021161
0.4605757
0.2171375
0.5244544
0.6932231
0.4872921
0.4094461
0.0652638
0.8241041
0.4262694
0.6694711
2.0507617
0.4460459
0.2890594
1.9309273
1.6952116
0.4458148
0.9577155
1.4244488
0
2.4859121
1.9495444
4.7908859
3.4912601
0.5999027
4.6304731
1.2814386
2.0402427
0.6245002
0
1.5715888
9.3519897
0.163246
20.2157097
2.5054162
4.6724582
0.7512023
0.6876259
0.4581507
0.8222842
0.2772108
1.1687838
0.9425117
0.8426454
0.1300997
0.4184544
0.4893543
0.4456602
0.2386129
0.2515317
0.6592627
0.4429628
0.0431013
0.4041168
0.5511137
0.6487097
0.1704028
0.5093822
0.9150044
0.316997
1.3222198
0.3731182
0.6448593
0.2842727
0.3334924
0.3657266
0.2651649
1.5207076
0.3718744
1.2184368
0.7555413
0.3672048
0.3123852
11.6295156
0.4343687
0.152378
0.2611233
2.2954476
1.0161849
2.4144661
2.8379474
7.423914
0
2.2978213
5.310854
0.805348
4.2222857
0.5296567
1.717063
2.3480511
0.8850657
1.6297712
0
0.2751471
1.5820404
2.0261447
17.1461582
6.0435557
5.7179646
0.7465446
0.1047886
0.0937217
0.4086295
0.7971723
0.4836347
0.454248
0.8142242
0.3836404
0.523557
0.6290217
0.1698513
0.8302422
0.935833
1.0192351
1.2248379
0.3417321
0.3022792
0.8635128
0.348535
0.3236257
1.3206463
0.1639436
0.2718045
0.9971356
1.4614956
1.378625
0.4931941
0.7316929
0.7480662
0.9987131
1.1441897
0.874579
0.6720551
0.3330102
0.7625125
2.9187193
15.3560209
1.0156555
1.5559148
0.8181388
0.9243711
2.5054305
0.5028104
0.6898085
0.4708186
1.8922443
0
0
4.41536
5.4154477
1.0362225
3.3539345
1.4469354
3.6452897
9.4381237
0.0040183
4.3469443
1.2810475
21.9571171
14.2407761
3.2367852
0.5804153
0.0288524
0.295094
0.1346393
1.0398152
0.3123854
0.686557
0.739771
0.4537383
0.5951254
0.6287662
0.6606595
1.0048769
0.654086
1.1799753
0.2916529
0.664568
0.7223358
0.4640703
0.3061027
0.5366687
0.3307901
0.7182018
0.0985371
0.6234579
1.2228667
0.5324432
1.0291312
0.3224355
0.8026043
0.475577
0.6444983
1.3035074
0.6604622
0.7640072
0.4886742
0.8190174
0.6211591
5.8981123
3.5074568
0.167207
0.0940011
0.5255105
0.7567478
0.1556978
0.4787834
0.6961821
1.0370704
1.3005766
14.4552174
0
0
8.7770357
0.4585859
0.290985
2.5962231
0.4074326
1.5956184
0
1.2906429
18.3597126
1.1287278
23.7246914
2.6012523
0.5675231
0.2781872
0.3160119
0.4701008
0.6685438
0.1200199
1.0264382
0.4692661
0.4189471
0.951568
0.3758085
0.7376928
0.4754447
0.3952098
0.4265679
0.1495107
0.2460711
0.4496126
0.2667919
0.325453
0.5475827
0.2975667
0.2422512
0.2979209
0.3000343
0.1249496
0.1548459
0.6837126
0.6360256
0.1917755
0.7238714
0.1978769
0.3075995
0.577633
0.7316069
0.9905183
1.1939276
0.4963187
1.4121368
14.8805389
0.9085282
0.5252196
0.8650628
0.3956347
4.1671901
2.7461894
0.2115005
0.5940289
0.4950024
2.2826347
4.2082248
0
1.1629192
0.6498253
1.3780541
2.8266747
0.1874727
3.0393703
0.6906321
0
9.3255653
3.7358956
12.5131721
4.0121355
4.3431764
1.0836115
1.6835701
0.5245382
1.0358129
1.4080231
0.3486403
0.53184
0.6540338
1.1658869
0.4728234
0.9660481
0.8741249
0.3313749
0.6232375
0.3315803
0.5904787
0.541873
0.557433
0.5630515
0.3867036
0.0717975
0.79009
0.3961167
0.7162114
0.0709481
0.5461623
0.592299
0.5332415
1.1676317
0.3933288
0.8055161
0.9953226
0.4213628
0.4404111
0.5742759
0.4623415
0.4410844
0.4891397
0.5019245
1.4296757
16.5507984
0.1637302
0.3256599
0.6471384
0.4242398
1.3340821
1.3727809
0.477635
0.846369
1.2130698
1.6935713
1.6111315
2.8954539
0.6205655
1.3870225
1.3864694
5.8516693
1.44109
0.1869409
1.3600127
1.7252164
0
1.1367266
13.6855669
2.4533913
2.6707695
2.2917402
2.6734495
0.6761627
1.0208482
0.9023301
0.7449105
0.2528643
0.8629963
0.968303
0.5182841
0.5174752
0.1849481
1.1161659
0.1040745
0.2277484
0.2188666
0.3630635
0.7502167
1.1072605
0.5145686
0.1807973
0.4159079
0.1105074
0.3928071
0.7206864
0.2351231
0.6846537
0.7957061
0.4536589
0.7478353
0.2657748
0.4996142
0.3791976
0.115846
0.5298645
1.2163807
1.0301411
0.12568
0.6162634
0.6709911
1.0459869
19.8105621
1.3287247
1.6701906
1.4689854
0.2544462
1.1317604
0.9239668
2.275229
1.3572921
0.2943305
1.0984042
1.3457953
1.5277364
1.2232463
2.4234223
0.9053056
2.5030963
1.6958791
1.8482399
1.0162631
0.5403218
0
0.5102148
21.8626499
2.9300191
3.6265984
1.4272538
8.0389385
0.7854608
2.0694962
0.6639744
1.2664891
1.4031227
0.752347
2.4366479
0.9427027
1.2644206
0.2984476
0.4678212
1.2519629
1.8724375
0.9174851
0.4891936
2.093811
0.4737285
0.6229814
0.1526733
0.1959
0.7083368
0.1807592
0.6097907
0.2494967
0.292423
0.9026839
0.7883262
0.1665431
0.422877
0.6369184
1.1903168
0.7043522
0.1298582
0.5415428
0.3242325
0.451682
0.6712028
0.4246594
1.1727265
0.1842652
4.7802596
0.5455575
0.808564
0.5939536
0.4708154
0.521408
1.3099099
0.4543019
0.6265246
0.3091496
0.2443401
5.5476432
17.7543945
0.6744116
1.3470939
1.2753541
7.0870514
1.3878057
0.7218614
0.8015456
1.3042327
31.9051933
1.2725229
2.6578524
1.7146804
2.8941314
4.979423
2.5575581
1.6841295
0.3539473
1.9828118
0.4083646
0.344545
1.9243993
3.363111
2.0721798
0.3516739
0.9564064
0.4174547
0.1464243
0.5484199
0.1711022
0.2135209
0.4362102
0.0983352
0.3872824
0.5353734
0.3091871
0.4704819
0.655439
0.2091986
1.2029414
0.5229849
0.4594637
0.5071928
0.3698019
0.1997195
0.6684772
0.53267
0.6137643
1.0151043
0.1602742
0.736802
0.2558198
1.409676
0.6494523
0.6341323
5.5453849
0.3106132
0.084055
0.7238144
0.7461326
1.0578425
1.7128124
0.9962146
1.1340592
0.7941999
1.0495666
3.3144062
1.66782
7.0903683
0.3000154
1.1269317
1.6636616
0.4979874
0.8941714
2.0523057
0.4835001
0
24.1347351
6.8075972
9.5622091
2.3861883
7.4622803
4.7318363
16.5244675
0
3.4328282
0.2943159
0
0
0
5.3958387
1.3721193
1.1289004
1.2474313
0.5830876
1.7326123
1.776404
0.6164317
0.6777353
0.1961759
0.5855058
0.2980184
0.6247217
0.0623507
0.3117025
0.4014628
0.2691921
0.3013211
0.5981545
1.0300804
0.343763
0.6283988
0.684097
1.3391408
1.0750433
0.8092751
0.7793173
0.237568
0.0740968
0.5736066
0.8082209
2.8132393
0.4654689
2.8654943
0.7915969
0.8451628
1.4672874
0.4631953
1.1353303
0.528899
2.7328143
0.8910539
0.2721754
0.6531738
2.0901055
1.5220333
18.5146465
1.0487626
0.5473109
4.7856035
1.4935621
2.4756858
1.0173326
1.7738173
1.491956
0
27.3647785
1.4344918
16.5536919
10.1891241
3.8598371
6.7458029
27.5028
1.3264467
0
0
19.2385674
0
0
0
0
0
1.1867323
1.898134
1.0829109
0.5508688
0.8993062
0.196455
0.9462082
0.6130586
0.2398603
0.4465227
0.9875848
0.4774173
0.656145
0.2741798
1.1188351
0.4522993
1.7877992
0.5748503
0.2813886
0.0515834
0.5211983
0.7977596
0.4785754
0.888885
0.4838427
0.2184165
1.0389835
0.9130088
0.6433896
0.5594461
0.9684802
1.2210016
1.9213516
0.4036257
0.5450917
0.706392
0.5481463
1.3216648
0.8266234
0.7736845
0.4503862
0.3387192
0.7549462
0.822759
10.1030512
0.7773325
0.5328833
3.4192069
0.9749121
2.1657856
3.82389
3.0722151
1.7448668
1.8944653
15.3654661
15.8836937
23.8313217
1.2492988
1.8699424
3.3762109
13.4936409
1.1659935
0.9158158
4.0062566
16.3382683
0
0
0
0
0
0
4.7375188
1.2419294
1.6806468
0.6920409
0.9643399
2.625159
0.6856319
0.1169378
0.4760402
0.1335105
0.6603085
0.2692659
1.4267133
0.7235126
1.2128384
0.3802365
0.4958042
0.7179485
0.956889
0.1631339
0.5936142
0.9284887
0.6335198
0.4812173
1.382127
0.3279236
0.9359599
0.3365373
0.2917872
0.3613578
0.541989
12.9181461
0.3792592
0.1313214
0.6355586
0.8977806
0.1235455
0.7080575
1.6285686
0.8772176
0.3903618
0.3683757
18.32967
1.7627807
1.0536957
1.0944829
2.1286576
3.4436367
7.4182334
3.6118798
0.2927946
4.8348265
0.8154948
0
0.6785587
4.8312168
22.7913971
16.4441071
22.2847023
20.0831261
1.959
0.7853572
0.9948923
2.0509758
1.5848467
1.2792277
4.211267
15.9588032
0.6636067
0.9603274
5.9338427
2.118494
7.8095775
0.7063395
6.037765
8.7720776
9.269619
6.8044567
3.8731303
1.7051733
2.7151837
2.7871537
0.2887222
1.3936746
1.3384647
0.7971865
0.5800451
0.9564131
0.8086861
0.9345675
0.9962813
0.2892946
1.0578238
3.170825
0.2677888
0.1028384
0.7305106
0.3111946
0.5106205
0.2439443
0.3050289
0.482596
17.0648174
1.1628195
2.4325202
1.2544713
0.5169461
1.8488574
1.3833551
0.3930835
2.7777238
0.9716251
1.6454839
1.7864873
0.6404604
0.2960262
2.9270425
0.3922485
7.0047231
4.2368083
1.4014128
1.2058368
0.705299
0.7526485
4.1070285
1.7746207
2.7808785
0.9078318
3.6716785
3.3375149
22.3416004
28.3517685
1.2399133
1.0692548
0.4589985
0.5730003
0.2390705
0.6894789
0.7174142
3.4806314
0.1580892
3.4225335
1.7323484
0.3811206
0.497851
5.0229211
2.2939095
1.4143431
11.83358
9.0557518
9.6682959
9.242281
4.4250822
14.7841206
0.1196535
12.7561064
5.988256
1.3013484
1.4380163
8.3486795
8.4391413
2.3130581
2.1238449
3.7108648
2.9981778
4.0730047
0.3742535
8.2954197
0.4508602
0.9081476
0.4559484
0.864523
0.1577655
3.0225406
1.0279918
2.9928255
2.6581769
0.4236692
1.4574629
1.0803257
0.8967785
0.312209
0.6602354
1.1586491
0.8664939
0.7678853
0.8116919
0.3120875
4.5159564
4.2511058
1.125333
1.2925471
0.887101
0.9354033
1.7677335
2.8310308
1.3193109
0
0.9088929
6.0933061
1.9515949
1.5793419
1.6974286
19.5630054
33.1334496
5.7271776
0
13.2924566
0
17.6903591
0.3040829
1.5537637
0.8176319
1.6603192
2.1034293
6.1831841
5.529551
8.5059032
3.6028147
1.6040361
2.9530745
0.1030389
2.2750633
0.7887936
0.357113
0.2194769
0.2385594
10.054678
1.1908398
8.5849781
11.8477793
0.563637
1.3575861
6.0897474
9.9146557
2.3940587
0
0
0
0
3.3018513
1.0862333
0.6230251
1.034146
0.534415
0.5416785
0.7340873
0.6147996
3.4929833
16.1585407
3.4791009
0.7252742
0.3491764
0.727537
0.568907
12.2953959
0.1107872
0.3518421
0.423776
0.2907048
0.8218732
1.0198007
0.6195277
0.5936763
0.4846623
3.9115367
0.6526638
7.0872927
1.2093827
0.6762121
0.1106319
4.1157417
0.24121
2.5152156
0.7142845
2.8043611
2.9281023
30.7034454
0
0
0
0
0
0.1819779
0.6827583
0.4372798
1.8207573
2.2080939
9.0362101
0
20.8164845
18.1636829
6.9476428
0.6534941
0.2879645
0.5956962
0.0446067
10.4095621
2.2664611
1.3933392
0.9994505
0.3003711
0.7246034
1.9066175
7.0521297
1.9962537
0
0.7478279
12.174366
3.8612885
1.3894768
6.9903059
3.286952
0
0.4520825
0.2172596
0.5098715
0.8197672
0.4128775
1.5832098
1.266163
1.0858878
0.9172327
0.0856405
3.538764
0.4514367
1.038583
13.2545004
2.306726
1.0281082
1.1577539
0.5358923
1.5048548
0.7512071
1.7069291
0.9382079
0.4450286
0.5084181
2.1966093
2.0144522
5.7315478
0.5570666
1.877952
1.0488826
0.2372356
0.7447158
1.2384899
0.9130397
1.5367166
5.2081246
5.0547071
16.2494755
0
0
0
0
43.7189178
0.1369055
0.5376518
1.6835449
5.5112519
15.9017153
10.0949535
0
0
0.9998388
3.9492645
0.7520412
1.1495262
3.264976
7.4101529
0.9942777
1.5455151
1.0889947
0.3782966
0.5837521
0.8018969
0.2737845
1.2499126
1.46042
0.8967297
0.7481257
0
3.3991671
2.3573508
2.8391757
3.5649517
0
1.8991553
0.4181249
0.4669065
1.1720748
0.7133802
0.8728318
0.6903282
0.2029688
1.229737
0.041967
0.3721702
1.1809638
0.6259288
3.6746936
0.6999272
0.1444323
0.2600782
0.6423569
0.4954551
0.2722344
0.8385788
0.1374463
0.0440539
0.4052279
2.870754
1.0119665
1.7284607
2.2669241
0.6265805
1.1218503
0.6942046
0
0.239682
1.1060184
1.3489809
0.9537142
0.4976662
0.7368999
28.7420921
2.8310866
4.8395782
3.6502874
4.6562057
5.9670291
7.6020508
9.7367458
12.7730398
10.0112371
6.7384977
8.3040924
0
0
0
0
0.6025541
0.7592349
1.1762784
1.1398479
1.4296629
3.6074376
17.3285408
1.0569669
1.0310106
0.878868
0.3167921
0.6060457
0.1068767
0.8482918
3.2774563
1.1127468
0.6026796
1.2636325
0
0
0
0
0.6681699
0.211244
0.3850838
0.2145436
0.2804167
1.5359161
1.2213693
2.3556242
0.6039618
0.1574731
0.4347354
1.8679194
7.2866201
0.6490021
0.7298414
1.2958646
1.3047301
0.6132735
0.3259243
0.1569252
1.4619272
0.2405629
0.8077714
0.5993981
2.2261119
1.2029995
3.2440424
1.7471048
1.0322977
1.8975443
1.6487323
1.6263916
0.0270387
0.9902989
0.6510806
1.1670641
7.4826961
0.2179807
18.0090809
2.4678061
0.7746171
0
0
0
1.6953727
1.8634303
1.7372504
0
0
0
0
0
0
0
0
0
7.7628489
0.4303126
4.9106269
1.1233273
2.7177665
4.0454855
1.3260766
1.3879429
1.0406601
1.7733505
3.1684699
0.5364729
2.0999343
17.2437592
1.263826
2.9346139
1.7052575
2.8819788
1.0366943
0
0
0.5614939
0.7337614
0.1906661
0.3644293
0.4546856
1.6002911
0.973236
18.2954197
1.8712993
0.44311
1.9402443
2.7684231
3.7757142
0.4740387
0.4391672
0.1541632
0.2797823
1.1791496
0.6112922
0.3851235
1.2184117
0.8614302
0.1749539
0.7964555
1.3906543
7.2716808
0.7966351
5.7996707
3.1181262
1.235502
2.5412276
1.2064579
0
0.4811908
0.499635
0.5283908
4.0816665
3.780983
0.659345
1.1717409
1.3791717
2.0057461
0
0
0
0
0
0
0
0
0
0
0
7.9145703
0
0
0
0
10.8331909
0.6846088
0.6534063
0.8806165
2.4285073
1.3537186
0.4728983
8.4798174
3.0328157
1.3403733
2.846364
0.2857271
0.6722099
1.6032894
0.4757505
0.791091
2.2849662
1.3049499
1.0572878
4.1965222
1.8432941
0.2057182
0.2206474
0.5044015
0.8813359
0.4676161
0.5658941
24.7344055
1.4755734
0.7128754
0.3896458
0
0.3291127
1.6571859
0.1556119
0.5638006
0.1334665
1.001242
0.9891395
0.5043064
1.258773
0.6795735
1.9957024
1.2024385
1.3619475
0.5118726
2.8828323
6.6427236
0.6936887
0.2158135
1.8122265
0.4893647
0.9862266
1.9474515
0.3199804
0.3044477
2.6679049
2.7666059
0.5615409
0.600014
0.610843
3.0938067
1.5271593
8.7975502
2.2086611
9.539361
2.1084859
4.0693617
0.4275477
0.9237149
0.2202955
0.6258809
0.1624369
0.2553188
0.3317706
11.7502708
0.2092667
4.5013514
1.0129073
14.4441376
2.5901654
0.0727743
0.2763131
0.6376166
1.5769988
1.3547195
0.6708642
0.9591218
1.1383444
1.3965318
0.6439803
0.1653271
3.0257857
0.6668578
0.1712755
3.5182855
13.3750448
1.217258
2.3253667
2.1064079
1.4802423
1.5954665
1.1210837
0.5669014
0.5238146
8.6852617
0.5672005
0.2513818
0
0
0
0
0.9815798
0.6876507
0.3548719
0.9002764
1.3119056
1.3630558
1.062526
0.4465369
0.8972911
2.6857448
1.5359285
3.9985647
1.8042696
1.990658
0.4579242
0.4477867
1.2442374
1.398982
1.8492284
0.2876646
0
0.5780444
3.1359558
0.1584568
32.0821724
3.6956973
3.1240516
5.5232153
0.3711002
2.8713894
1.2962046
0.2730038
0.5647334
0.2865491
0.2317616
0.3284105
0.7942272
0.1636698
0.6914841
0.7189592
0.7368304
5.0886493
1.1378443
0.8567152
0.5143896
0.4051566
0.5668346
8.4155779
3.4018233
1.2694265
0.6234343
0.7604256
2.0779386
4.2848735
0.8249313
2.5216081
0.8425829
1.6703511
0.6459717
0.2531248
0.8117202
0.5094315
1.4929957
1.9599999
0.5824988
4.7122974
3.2025321
9.1416111
5.737771
9.4431295
1.6444343
0.6771431
0.254153
3.1546471
3.2067773
0
0.8346102
0
0
0
0
0.6329466
1.8220537
1.4255224
2.8714309
1.8527974
0.5890642
2.2069292
0.8100721
1.5154473
0.4858559
0.4630556
0.3187647
2.1762686
13.1608496
1.6927782
0.9430128
2.8036497
1.2079525
4.0255375
0
1.9168785
0.7817982
36.4090233
4.4179335
3.6817544
0.8642498
1.0017079
4.6540456
1.9781449
9.1953459
0.4913501
0.0398306
0.8517113
1.8407969
5.3865619
11.0834789
11.4055853
5.5930963
4.4385853
8.1463356
7.2957797
5.4703083
3.5671098
1.8645561
0.6944453
2.2578063
2.0927639
0.7251794
0.7389141
2.1671605
4.0524583
4.1334915
13.1977339
17.3742008
1.0619059
20.203825
22.7060623
15.0951385
7.5205059
1.4000324
0.9000081
8.4802933
7.4608531
16.766613
15.502594
20.1847744
17.190403
0.7387944
2.7742214
2.6880391
4.1557803
2.4407282
3.1578965
4.5873494
0
6.4169788
0.4278013
0.2917975
0
0
0
0
0
0
0
0
0
2.3817675
0.76108
3.2782006
0.1900709
1.5540106
0.3737727
0.8140482
7.2844253
1.8207159
0.6729556
2.4463828
0.7989337
0.7225685
0.9080986
0.7444184
27.1258774
0.2741219
3.9544985
3.1090491
4.9279213
1.1454719
0.4560015
0.493808
0.9633674
0.1990878
0.3685533
0.6680461
0.3086743
0.6835735
0.5006411
0.8347833
1.0606194
0.9558824
2.1566234
0.2138107
0.4155103
0.9225864
0.4307489
0.259827
0.394737
5.4268107
0.4721438
0.686729
1.1119857
0.8159464
0.1305582
0.6506199
0.7702323
2.2080734
3.4210153
1.1292902
0.9307696
0.4899833
0.7200662
1.1879135
0.6916625
1.2030509
0.8023068
0.4882321
1.262881
0.6257759
0.3600463
0.8938575
0.456008
1.2521491
0.2619831
1.9427388
4.7845135
0.912062
0.1619864
0.1345094
0.3791939
0
0
0
0.4160175
0.6575599
0.4210513
0.071653
0
0
1.6761533
2.300422
0.7167725
1.0150031
0.7787327
1.4780715
2.3197541
0.98665
0.2290627
7.3382545
1.1417463
0.1748548
0.7366334
2.0426672
0
0.5859669
2.4430528
1.5375822
3.1042426
1.316123
2.8697879
1.2805661
0.4250574
0.7591777
0.2597787
0.2390473
0.5224516
0.3239775
0.4370949
0.387967
0.6185679
0.8583958
0.3152503
0.4102654
1.265928
0.5739613
0.1752916
0.4583933
0.2092868
0.427096
0.2642997
0.9997395
1.0488235
0.4524888
0.3254355
0.8057843
0.811186
0.3408551
0.3415576
0.5679993
9.5196753
5.7268682
0.6132551
1.2707032
0.6760107
1.0359637
1.8296522
1.6993307
0.2173405
0.3749116
0.7050103
0.6930013
0.2211744
0.7865939
0.3035666
1.2007746
0.6628856
0.5763432
0.714215
3.0791643
0.413299
0.3312382
0.4769256
0.6192002
0.5583383
0.6538057
0.2749941
0.1605351
1.2416021
0.7167489
0.420631
0
0
3.0990779
0.8052977
0.6392944
0.5153024
0.283818
0.445979
4.357945
0.4339109
0.3041508
1.0279101
1.2560169
1.4448718
1.9246693
0
0.328718
2.1363962
0.9989891
2.5436854
1.9125935
3.8569119
0.7596007
3.0113573
0.8437402
1.0453762
0.4987497
0.7142214
0.1491591
0.0486151
0.1462741
0.8344786
0.1141395
0.4780049
0.4166713
2.2217526
0.7083667
0.2796701
0.511085
0.0774137
0.3460009
0.3159779
0.3700014
0.7918159
0.8735295
1.178908
0.297944
1.2970902
0.7130855
0.8250368
1.1992431
1.381181
0.5703507
0.8039103
8.6299734
0.7283273
0.6088675
1.3574353
0.4753968
0.6522881
0.3999226
0.9994878
0.537687
0.4072373
0.7546994
1.6395447
0.9722004
1.1604482
0.8512533
0.2468822
1.1846331
19.1706085
0.1506451
0.1709858
0.342712
0.1399209
0.5615718
0.6097919
0.332387
0.480623
1.1592778
0.2737407
0.5906532
0
0
0
0.8404804
0.2568425
1.4850749
0.9157073
4.5243587
0.9872476
0.1586445
0.8922194
1.6211126
0.9167598
8.3647108
0.5088599
2.6288347
25.1426067
0.8721347
4.8731065
1.515468
2.2611802
1.7307937
1.2889749
2.5912666
0.126331
2.1420143
0.104463
0.7173176
0.4891443
0.4043366
0.2910464
0.3401686
0.6144573
0.8648616
0.2418796
2.0965707
0.8381912
0.2152938
0.1339182
0.3329602
0.4817283
0.440251
0.4939201
0.8895375
0.7722409
0.9290014
0.6615397
1.2262166
0.6710527
0.7965051
2.1250176
1.8341944
0.970137
0.4819236
0.6719077
6.1441574
1.592284
1.2366647
0.9826195
1.0987574
0.2450617
1.0057081
2.2453411
0.9869387
0.546571
0.5184129
0.6593781
0.5451798
0.5285457
1.2261366
1.260133
7.7909312
0.4754286
0.4488156
0.8109985
0.5976807
1.0792502
0.761611
0.0969615
1.198526
0.8809921
1.015632
0.2623118
1.045952
0
0
0.2589842
1.5043536
2.9381986
2.8318908
0.2479337
0.6509327
1.4869756
1.1568319
2.4494963
3.3718801
14.3341751
1.1606716
0.4232112
0
13.7706203
8.6585989
5.4826584
1.4615244
0.5185097
1.5230328
2.1587145
0.780991
0.6699556
4.348712
0.3800889
0.9278362
0.2368575
0.270937
0.3184601
0.5261435
0.2075904
0.4475144
0.3534591
1.3514749
1.2614026
0.8010044
0.5731327
0.7447933
0.1606954
0.1049503
0.4583443
0.2343294
0.6087124
0.7888313
0.8212669
0.284146
0.4454654
0.7392318
0.9327971
1.4163367
1.093366
0.5317017
1.4637483
0.5556695
3.3967736
1.416502
2.3610995
1.5331172
0.649725
0.7099443
0.5392404
0.5389835
0.5812311
1.0456192
0.5614817
0.8142554
1.472277
0.3509027
0.3251925
0.1180902
1.1196815
0.5200907
0.3733753
0.4722251
0.5353213
0.1907893
0.4659082
1.0109674
0.2706054
0.6539262
0.6285294
0.8670088
0
0
11.1285524
0.7399917
0.4047571
1.281819
1.9032983
1.4588686
1.0790336
3.2817874
4.4649701
0.835089
0.4159405
3.5487471
0.5162169
1.9065323
0
0.8507903
4.1098619
26.632822
3.3884044
2.2865493
0.2261918
0.7312998
2.2942519
2.6142716
4.797318
5.2233539
0.5074024
0.7239149
0.5509278
0.8495103
0.132716
0.5607516
0.376683
0.298602
0.7348037
2.0605426
2.712497
0.1024055
0.1271898
0.4740569
0.1962664
0.5266948
0.6389406
1.1171471
0.1586183
0.7417207
1.3489578
1.0740318
1.171912
1.2754234
0.1770919
1.091121
1.0531728
0.9682738
1.1501012
1.0308955
0.9634731
1.1054269
2.7094631
1.8295356
0.5811729
1.0352153
0.3849113
0.9586158
0.6872156
0.4588092
0.5909487
0.3826591
0.6670536
2.1694643
0.9424874
0.6507933
1.3633064
0.5696991
0.1648818
1.06718
0.6160387
0.4822201
0.1606847
0.5330967
0.3123279
0.6781164
0.8578231
1.0545843
0
1.0638626
1.128965
0.2409916
0.5978048
0.6716928
0.47722
0.53524
0.3349262
2.473865
1.3250331
3.3808858
1.2172289
0.2600183
0.9123976
1.3125722
1.7226676
1.4294996
1.599291
36.5041962
3.9593728
4.9955096
6.5550723
5.4839668
5.4235377
5.4267678
5.7625651
5.4355345
9.3452396
6.3791714
0.4553538
0.7695752
1.1233925
0.8209227
2.499203
1.8896469
4.0336838
3.6566255
1.055459
1.2169298
1.9948388
3.0097995
1.5228364
1.0233194
1.6520902
1.0714507
0.5226351
1.0125036
0.5714842
0.6482394
1.2596326
2.9234416
1.1335058
3.0866551
0.2563982
19.1824017
0.0351504
1.1147542
0.7472194
0.2109951
0.5441894
0.2731256
0.8536658
0.6837507
0.3866883
0.3240528
6.6471844
0.4349178
0.1126787
0.6930265
0.4514854
0.541402
1.2752717
1.8933128
0.8015069
0.8455166
1.1502558
0.8706966
0.6861416
0.4878263
0.4914545
0.3703974
0.5195643
0.0346108
0.1600216
0.3273907
0.766203
0.535663
1.166808
0.1908704
0.683056
1.8712211
1.6588212
2.2106135
0.7666312
0.751137
0.5814022
0.229298
0.933041
2.1943531
0.0635249
1.0507747
8.9907742
1.2561079
1.215952
1.0372065
0.3199493
0.3115654
0.6959993
0.1857687
0.7641038
1.2998521
0.3312793
1.2626772
0.7096065
0
0.1836159
0.6034389
0.6969012
0.2869511
0.278187
0.4800332
0.7335925
1.1242195
1.3933284
2.9324141
0.6831251
1.6414363
1.9602159
3.1662977
1.4060549
0.0055638
0.3399394
0.5029345
13.5237408
5.3188996
7.4107018
2.5696082
3.3302078
3.7149746
4.2139344
6.918417
1.7901379
9.088726
3.4100626
0.435079
0.2801118
1.3237693
1.3409687
0
2.9518914
2.747268
1.3131864
3.0549929
1.1413758
4.8105307
1.3970414
0.5075185
0.367626
0.8796764
0.2556731
1.3849965
2.027405
0.666012
2.1812141
4.9457645
4.4312153
6.1029739
11.8047485
23.8276157
13.0930729
0.7737495
1.0784562
0.8462532
1.168903
0.6399611
0.4617656
0.3505354
1.539314
0.265121
1.92149
3.6906214
0.5063082
0.1633867
0.2112745
0.3154235
0.4261962
0.5685661
0.7211521
0.4547461
0.4601436
0.4814056
0.8081568
0.7880608
0.5660166
1.3184888
1.2067535
0.1370408
0.2085409
0.5336551
0.5116364
0.1906435
0.5141273
0.5755332
0.9423097
4.6770144
0.2247972
2.0608845
1.7719171
0.5924644
0.566937
2.1700618
0.7287155
0.726907
0.8238789
1.8330816
2.0988071
2.3879077
3.1268647
0.7675161
1.0230914
0.8481143
0.045307
1.1574731
0.4296358
1.4403851
0.2279516
0.4854122
1.3333863
0.5970135
0
0
0
1.0512886
0.4354534
1.4649601
0.7913113
0.8346427
0.7350336
4.9237413
2.2251017
1.7030315
1.2346976
1.499723
3.153883
1.6712375
0.8643467
1.0759504
4.4380293
6.5978365
5.1803441
5.2919612
7.9130125
4.6141758
6.3707805
6.4744968
9.6824436
9.5579233
9.1140461
4.4066854
0.4746958
0.5784237
1.5210756
1.4976499
0
0
4.6649899
1.9399825
4.0543833
4.9890637
3.5592163
3.1968815
0.5364316
1.4355594
0.4511471
0.3094223
1.3989501
2.9811771
8.0531893
12.4023781
8.8708048
6.9551902
6.2759347
3.5349019
21.3410778
1.5848682
2.3977904
2.7212884
1.1593481
0.3140373
0.9073321
1.4009324
0.4324086
0.7763804
0.8122065
1.3406709
0.4370105
1.5846769
4.959693
0.8211951
0.9051307
0.7189728
1.0683374
0.6397353
0.942503
0.5721149
0.5225552
0.5686021
1.0203626
0.4274914
0.6034765
0.0760239
0.9276522
2.9717627
0.3040421
0.5041285
1.0669479
0.3885631
0.514138
0.9834635
1.3950371
0.542865
1.1106054
0.6643366
1.6885614
4.3818803
0.3340522
1.0815428
1.286782
0.3355566
1.1703651
1.2697046
0.8393553
1.593224
0.740877
0.8249915
0.2758828
0.3996963
1.2201111
0.4112031
1.8363217
0.4549881
0.7423411
0.2894174
0.6445111
0.4323243
0.7483936
0.343248
13.2652845
0
0
1.3553792
0.6241156
0.5582907
0.4468038
0.5664422
1.5625824
2.1224244
1.843482
1.761319
1.7105134
0.3397415
0.3623089
0.8178043
0.6598148
0
0.2871006
2.2821414
34.9249458
13.3425884
7.1818595
10.1524115
2.7444313
8.5162725
11.4770994
4.1930718
8.4710579
1.6922989
0.1329889
1.2409515
1.0306619
0.8804836
1.5361913
0
0
2.1203599
0.3040302
4.1265774
1.2040946
3.2873995
1.8780206
0.3058587
2.1422422
4.295073
5.7815719
5.1175289
6.7074866
3.9973168
1.3628827
0.8908239
2.0084736
3.0071731
0.9743518
3.2511697
0.4478891
0.1386264
1.2494017
0.9399855
0.560876
0.578051
0.9653693
1.0929831
0.8604002
0.8875601
0.5339665
0.5354908
0.466904
7.5316005
0.6884579
0.4140702
0.4705999
0.1074246
1.0193249
0.9754959
1.3700972
0.597424
1.5776967
1.5986185
1.2383857
0.3042518
1.0714931
1.7858354
1.4556421
0.8913383
0.6281092
0.6082668
0.3767553
0.3521949
0.5763018
0.560167
1.0495105
0.3392591
0.0910017
1.0176636
1.9943833
1.3150107
1.0807929
0.8569517
0.2270419
1.4492648
0.6878591
0.1540786
1.0819743
2.6070285
11.4638758
0.4991885
0.6971688
0.5994068
0.8097997
0.3598439
0.1490643
0.2385062
1.2662482
0.4170113
0.2953035
1.1088048
1.1284392
0.579132
1.0994667
0
0
1.4928068
0.473253
1.2622505
1.8430557
1.4296907
0.6127177
0.924888
0.0449258
1.5513535
2.3912468
1.8798645
1.1535454
0.2649458
0
2.4470468
1.1444139
21.3249378
31.2920322
12.5580425
13.9923019
11.2061453
14.2028923
9.7515955
9.243269
1.6882191
2.7360137
0.9044768
1.5425854
2.2905114
2.5074735
3.6275458
0.003091
0.2979555
3.1291068
2.1851437
4.8985925
4.3718133
6.3573899
7.5441165
7.3923721
7.5663242
3.9943926
1.5579195
1.1381756
0.8829808
0.2883404
2.3226032
1.2531743
0.7467158
1.0139178
3.4017532
19.3237381
4.3430967
0.5983549
0.7191861
1.3976128
0.6955853
0.3895128
0.5744069
0.2217611
1.0308495
1.487857
1.0336928
0.2310703
1.1157409
2.2590714
0.3684225
0.7557606
0.5610701
0.1932517
0.3060053
0.5290552
1.4747721
0.8616231
0.3326822
0.7981148
0.8420589
0.3766315
0.3735738
0.7572061
0.0914541
0.0776386
0.7019809
0.1286537
0.2551099
0.4831903
0.4660912
0.4362654
0.4607872
0.3966868
1.0643611
0.2687011
1.2224281
0.8110644
0.4189934
0.7634206
1.9277028
0.5168828
0.2106416
0.0730579
0.5408718
0.862219
12.541584
1.1443257
0.4871293
1.651697
0.1357506
0.3697748
2.6115634
0.4705515
0.5387374
0.979073
0.6996484
1.2911144
1.6851189
1.6714602
0
0
0
2.0761302
0.6488525
0.6996679
0.8847269
0.624565
0.5472148
0.5031549
1.7132893
0.9389092
0.3013777
1.7353873
1.3487408
1.1815896
0.4733323
0
0.0359034
4.2271504
10.2484493
18.2395992
1.7496079
1.4450535
0.2262627
0.9461154
11.1746407
7.4885225
7.5678406
9.4538403
1.3781422
1.6069354
2.8579829
2.9504814
0.7994972
4.6148148
1.7459131
0.2299303
21.395256
3.1069703
5.4123363
4.8282566
5.1152496
3.2721541
3.5768471
1.5994042
1.2518934
0.4999359
1.028837
1.2184023
1.8100415
1.6603965
0.8664871
1.2001963
1.0071251
3.6085892
1.1282161
1.758751
0.8203442
4.4670687
0.8610324
0.1331386
1.1305876
0.594255
1.0269555
0.3525813
0.6976022
0.7349904
0.6605374
0.2225043
2.0062563
0.1862015
0.3600436
0.851918
0.7171332
0.2297532
0.4615744
0.6630391
1.2335976
0.6041571
1.2654761
0.7760137
0.5744513
0.3688159
0.9548239
0.2862831
0.2149778
1.0288219
0.3910131
0.6486894
0.5577387
0.3300276
0.3416001
0.5870485
0.0921763
0.7915481
0.5682815
2.1742685
1.0213811
1.1005574
1.3526646
1.5204686
0.7444328
0.9541382
0.4243754
0.5237419
0.8849697
0.312666
1.1143414
0.5460042
0.6751705
0.4249208
0.6943743
0.1203827
1.1845586
1.2119553
0.5736828
0.7706563
3.0469716
0
0
0
7.5896544
0
0.9453064
2.9249308
1.0181636
1.0058975
1.7912177
1.6187106
1.6399164
1.1890792
5.2173262
1.0289859
1.3223399
1.5140864
0.9781903
0.7461028
0
0.3874012
3.0372982
5.9836884
6.6967716
0.7461864
0.899598
2.1946256
1.0963988
12.8562336
5.0086865
2.6637497
2.8814747
3.7717814
4.9532452
7.3575487
8.6358328
5.7279396
2.3681557
1.9394405
0.7221339
1.6908274
1.1672939
0.6176083
0.8304198
1.840822
1.5248595
1.1818591
0.965066
0.5186031
0.0885777
1.8406048
0.9897729
1.1736307
0.9777954
1.4376165
1.2940354
1.6299059
0.4954319
0.2637502
0.4902286
0.938702
0.3281189
0.9656276
0.6949272
1.5754517
0.0392604
0.6753471
0.3665414
0.5926491
0.2874606
1.1559719
0.7062865
0.2695087
0.5052558
0.32564
0.7281218
0.5798383
0.3076104
1.3454453
0.3517552
1.2742189
0.3409915
0.5128989
0.5523624
0.4758003
0.3353692
0.4275159
0.808734
0.2171513
0.4008701
0.2868477
0.818231
0.0206819
0.2523251
0.4437224
0.4260939
0.9944628
0.9055343
0.1535102
0.5831305
0.4331535
0.699224
0.1389765
0.6187041
0.9809479
0.6326481
0.4928555
1.1529688
2.7886281
0.8432363
0.8201511
0.1965641
0.3703768
0.3498321
1.0395215
0.4163024
0.1527787
0.4789346
1.9050345
0
0
0
0
7.3225255
0.7256532
1.0465773
0.5873953
3.1501322
17.5254536
11.6272726
3.9229479
6.1089387
0.9937935
1.0910217
1.2372549
2.0078835
1.1390811
1.2581558
0.2079097
0.2324464
3.4855306
1.532971
3.5596249
3.4170372
4.2176414
2.9666893
0.7807414
0.343917
18.9203949
9.0149755
6.9210148
3.9514139
2.2592962
2.1647301
1.5490228
1.1516582
1.0132344
2.0164652
0.7400601
1.1814647
0.7215112
0.9686643
1.0481154
1.7207432
0.864382
0.4769225
2.2364399
1.6191727
1.7285831
1.9233571
2.3960662
1.6440367
1.8354933
0.4796139
0.4118833
1.030001
0.7676239
0.17712
0.346875
0.5195541
0.3098402
1.1487434
0.9356831
0.3405644
0.4149032
0.5032575
0.1676834
0.5300988
0.3090492
0.5211539
0.2135874
0.6738652
0.2464809
0.7863792
0.9358992
0.7159582
0.3693502
1.7097719
0.9671212
0.3602605
0.9221625
1.0886046
0.9232699
0.5027853
0.638616
0.2039881
0.1238421
0.1707755
0.3331748
0.4633706
0.4132584
0.6474503
0.9822253
1.0071462
6.9711523
0.5798284
1.5011523
2.0025017
0.7607127
1.1550258
2.0073595
0.2712884
0.5165553
0.8048831
1.8357022
4.1434898
0.7370507
0.5449905
0.1851025
0.8360251
1.0636201
0.8132238
1.1070458
0.2903707
0.7575055
0
0
0
0
0
0.9565729
0.4499419
0.9751158
1.0684152
0.5715536
3.6161778
6.7384796
1.86638
0.6840468
2.631635
0.5589197
0.7780484
1.4449359
0.9503837
0.5661489
0.4500486
1.520661
1.6017885
0.4941153
1.3690065
1.9793211
10.9902849
11.7760134
1.148854
0.9328579
3.1470921
2.8792465
1.2493732
1.6714021
1.5253217
0.4349967
1.0628484
1.9664904
1.3670115
3.6527915
0.6829092
0.1264304
0.8172744
0.5285673
0.3734904
1.2652663
0.8573867
1.1659584
0.7271661
3.1015823
1.6629367
0.2574414
0.7800194
0.4215819
0.3887824
0.832826
0.5982984
0.2618992
1.1893307
0.1238132
0.3702481
0.4002165
0.9126961
1.309123
0.7820922
0.9144663
1.0008365
0.326263
0.580807
0.2489775
0.2190122
0.9769384
0.5311652
0.9561554
0.7639047
1.7535374
0.6155428
0.4098945
1.0028788
0.2532991
0.3314089
0.6482817
0.0408584
0.4953517
0.547996
0.648935
0.6858343
0.3276661
0.2587937
0.2326656
0.1964122
0.1476339
0.2872689
0.5310934
0.5581948
11.9001017
0.8793871
1.5058277
0.3213229
0.8379005
1.0293615
0.5110034
0.2261825
0.260546
0.6072176
0.3855957
12.5009699
1.3891023
1.5159259
0.5608737
0.4807675
0.7679968
0.2226588
1.6871376
1.4537488
0.8380912
0.0972679
0.7738256
0
0
0.2170792
9.1526136
0.6574972
3.435729
1.0999862
0.6471904
0.5385005
0.582715
0.758663
0.1405188
3.1952205
1.0745614
2.7906611
2.0331464
0.6648659
2.2761812
0.8361969
0.5085734
0.6109694
1.5180796
1.5464112
0.7192964
1.5044488
0.2561879
0.3209202
14.4678516
3.9983969
1.1002868
1.8351716
2.2243335
1.9649061
1.9474926
1.282518
1.1868739
1.0831963
1.0049742
0.9308692
0.4454933
0.7640523
0.4439109
0.5433266
0.9101331
2.5483096
1.6680841
0.9228762
2.0386605
0.7747573
0.7323392
0.9980984
1.8990214
0.9051809
0.1750866
0.3529044
0.9432696
1.2479373
0.4482891
0.9136416
0.2492519
0.5657617
0.6573151
0.1191955
1.0280769
22.9255524
0.1488895
0.429844
0.1317503
1.2393328
0.2389096
2.3259821
0.4145877
1.0485622
0.9623837
0.5943088
0.2913781
0.3309467
0.5649547
0.3564168
0.5246664
0.5338848
0.8879482
0.2687232
0.1084267
0.6365046
0.3139919
0.6341479
0.4972084
0.2578686
0.156993
0.3187976
10.6111431
0.4906135
0.8545327
0.4819178
0.9595089
1.2286792
2.1540492
1.8053641
0.7757818
0.1248257
1.0421717
1.7492481
1.644056
0.6677853
0.726715
0.6074935
1.0296412
1.3953899
0.4531944
0.0946897
0.7575655
0.3287871
0.4860008
0
0.0715255
0.0338954
3.9565639
2.7472434
1.1158289
2.9890406
0.5954682
1.3244989
0.8611103
0.4533866
1.4396895
4.0162792
1.570681
0.9300324
0.7120104
1.2260936
0.9782637
0.8517798
1.2897731
1.1336851
0.6464301
0
2.3487558
1.1420528
0.7355326
4.1533804
0.4880537
0.5071996
1.0654469
3.3657954
0.6608037
0.695574
0.1351241
0.1333702
0.364898
0.8646125
6.7028708
0.3210424
0.6109153
1.0152934
0.3410602
1.3008456
0.8340541
2.9082406
1.7152964
1.0040605
1.3490891
1.6748888
1.9097017
0.5127559
0.5510671
0.5980908
0.4842935
0.2506154
0.4665481
0.7964786
0.1972829
0.0200605
0.8721212
0.6533142
1.0460798
0.873823
0.2557533
4.5486579
0.7514272
0.329127
1.2532976
0.136063
1.3948952
0.5724215
0.8589689
0.9479619
0.2701336
0.1904066
0.5262699
0.323729
0.0720837
0.5497363
0.6537331
0.5569177
1.150928
0.1796868
0.2929903
0.885806
0.9356663
0.7527904
0.591722
0.8046932
0.7335925
0.6349223
5.062088
0.3788811
0.5605227
0.6617748
0.4310397
0.740632
1.0954736
3.2057385
1.845132
1.1940607
1.1177195
0.8535923
6.1771379
1.0644376
0.3247868
0.4948417
0.2257023
1.1070143
1.49088
0.397548
0.4926101
0.7503144
3.0408351
0
0.7465847
0.009273
0.2451252
0.7841164
0.5131732
1.2975558
0.8495864
0.8163353
0.6158445
6.5105138
0.3955488
2.6678908
2.6148319
0.2135523
0.4578671
0.5347087
0.3675874
0.4968999
0.5563064
0.2717469
0.667812
0
1.7017232
4.1988769
3.7480965
6.4965973
6.2040658
16.453249
0.6318892
2.5208025
12.2613564
1.387453
1.4467834
1.7740971
1.3544835
0.9402786
3.5884678
2.849829
0.132043
0.9006156
1.0818279
1.4932455
0.8077933
2.7888122
1.3184104
4.1728544
1.7705415
0.2094761
0.7002208
0.8827269
0.2136455
0.9011482
0.4028718
0.5563692
0.257116
0.792379
0.3619448
0.6445435
0.9683249
0.8693802
0.2719779
9.2761059
0.4949194
2.5326879
0.3435279
0.8962373
3.3449681
1.3442754
1.3521075
0.5816717
1.4231232
0.8753319
0.5691085
1.0662946
0.5176394
0.7324063
0.5128353
0.8510938
1.2557703
0.4480743
0.6782822
0.5333922
1.0783516
1.096994
0.6613838
0.5652958
0.4721285
3.6805377
0.4259268
0.2782217
0.449401
0.2349963
0.5370972
0.2976368
2.5740743
1.0232967
1.589545
0.5831643
0.7896401
1.1529542
1.361624
0.0435873
0.4072879
0.3166027
1.1144515
0.3044244
0.5666171
0.4714628
1.4990338
1.143557
0.5183535
1.4776046
0
0
0
0
0
0.4586643
0
0
0
6.7153926
0.5245621
4.2263522
9.2125244
3.346348
11.483058
1.1789035
2.1467142
1.7726825
0.2730962
0.4346255
0.8322521
0
0.7485977
0.2889291
1.4266971
2.4399092
2.4787738
2.4923322
3.6799397
0.5753568
3.6726668
3.1754735
1.3992383
0.836695
8.9590645
3.7500041
0.4530481
2.1892085
1.5399466
0.8570076
0.5557624
0.2744591
0.463348
3.1956031
2.6586673
4.4937835
1.725967
0.8036873
0.6068491
0.8672335
0.9046576
0.2231866
0.4283288
1.5380303
0.8310551
0.9186335
0.4956435
0.2277383
0.7784306
1.0337625
2.2224641
1.6702788
0.5682266
6.0892358
2.8555198
0.5964814
2.6960204
2.2053289
0.1884983
0.4274703
0.6114092
0.225377
0.5374734
0.7287092
0.0832142
0.9511853
1.3352243
1.2769148
1.9582832
0.6834813
0.694928
0.5130604
1.324464
0.5953266
1.5885603
0.9696123
6.3847094
0.6267659
0.4838214
0.5233154
0.6340126
0.4415229
0.2270798
0.4335514
1.2261208
1.2743117
3.0246193
0.6222246
2.5988517
0.754753
0.7992751
0.1711946
1.0004213
1.9057853
0.9271919
0.8892708
0.2428792
1.7054101
1.1464746
1.3255664
0
2.6017516
0.7169302
1.6358385
0
0
2.0847869
0.9074637
1.0193331
1.0246587
0
2.4239807
3.0502534
0.362836
2.9647257
1.1432903
1.9419197
2.5102994
6.3552036
0.4753671
1.4546776
1.0368358
0
0.3000782
2.2771916
0.9763973
1.3097428
0.3390212
1.4022639
9.2961855
3.150624
0.5754442
0.5042803
11.8069429
0.3020023
1.0734364
13.2793598
11.5382338
10.6507215
0.5113505
1.0322626
2.0510194
2.6336524
1.4608288
1.5536586
0.4877682
0.5537546
2.5196419
1.3504182
1.3798655
1.7689807
0.575718
0.3434393
0.6576423
0.0932869
0.4024708
0.370754
0.1648007
0.7872911
0.8815672
17.2300987
14.3467493
10.9786539
4.7398825
5.2538242
5.9640274
3.5016973
2.0293343
1.2524555
1.0059922
0.3962351
0.2728066
0.6665605
0.9584665
1.6296949
2.1354477
4.1756549
4.7511158
3.507786
9.1801901
3.7939711
2.9923756
2.4480762
2.6240778
1.8891389
0.3733522
0.365876
0.1604038
0.123746
0.3717043
0.2383004
0.5833043
0.5328776
0.7201115
0.5961928
0.8837803
1.3199716
7.7843289
0.3747289
0.9534656
0.6085857
0.3997294
0.4633774
1.1936326
1.815352
0.6496991
2.1208587
0.3509804
1.929652
0.9807167
0.2935324
1.6915854
1.1761945
0.386062
8.3668747
0.6723346
1.1122018
0.5846521
0
13.2291927
1.1627548
1.4197662
1.1571637
1.9752115
2.4728706
3.577213
2.9055736
2.3632789
1.0793177
8.8606787
1.2905675
0
0.0347692
0.4586092
0.5047764
1.1257315
3.5557704
1.1168365
13.0359707
10.8985453
5.6780877
2.718158
1.1228164
9.54776
1.7071834
0.6012157
0.4449599
0.6527059
1.2318333
0.6176907
0.4185766
0.8372425
0.4271224
7.4125862
2.4861727
0.4186169
1.2265686
0.6750633
1.1199238
1.6956947
0.4246409
0.1814005
1.2812262
0.6334117
0.4002768
0.7996827
1.6080495
0.3239089
1.8413799
1.0020398
0.5430561
0.41291
0.5965486
1.2325153
0.4297897
0.9627774
0.824515
0.436563
0.1845271
0.2992116
0.6376106
0.639806
0.7691512
0.3764953
0.8123281
0.4883271
0.3950486
6.9685202
14.1754198
0.3115406
0.5395101
0.6632398
0.6715546
0.371087
0.4038248
0.3740237
0.5618239
0.1943941
0.0229734
0.5254789
2.0617571
2.0655992
0.689748
3.7805727
5.0332227
0.1319275
0.7703645
0.5773627
4.0830755
0.4421935
2.2859426
1.475582
0.5702073
0.5979952
0.5579689
1.6655887
1.6394918
1.1333525
1.9975207
0.6776194
0.8632858
7.849299
0.4184641
1.0711027
2.2583091
0.2350045
0
3.6599038
2.3076584
1.1454701
2.1463416
2.2043808
0.2985854
0.8918256
1.7701114
2.2632384
2.4342513
1.1496826
1.1543549
0
1.6430426
0.5940308
1.5083834
2.7160966
0.5570104
0.90109
1.3095942
1.2855468
2.6891553
0.3570808
0.9537228
2.9668527
2.0324881
0.6198832
1.1908096
0.8638183
0.4585909
0.3102014
1.2713012
0.1038176
0.3255742
0.9926115
0.9715222
1.4409798
0.9489568
0.2492669
1.4683313
1.1364745
1.6641402
0.670462
2.8658547
2.0798755
0.6515162
0.3756689
0.5639352
0.7263801
0.992147
1.7476372
0.4426336
0.4744325
0.2080505
0.3442907
0.5701144
0.6351402
0.5603989
0.5248075
0.6256567
0.522038
0.4660021
0.3125583
0.5697471
0.5639737
0.4489449
0.94413
0.1486725
5.6571512
0.4466828
0.2707522
0.7852602
0.5256367
0.1856915
0.380399
0.452277
0.1526035
0.2407255
1.139364
1.1760459
1.4697125
1.1243953
0.8274562
2.0468895
0.5325348
0.3515831
1.1491866
2.3203526
0.9393464
1.9021873
0.5443633
1.6503676
0.750569
0.6282063
0.4504214
1.9570314
3.1843386
0.4743837
0.4821848
3.6469085
7.8457084
0.1452398
0.7946243
1.4891155
0.3304944
0
7.3468657
3.0010099
2.3704519
0.1516376
13.1299801
0.9388035
0.175996
0.2387018
1.2932733
0.6037504
0.2646499
1.9925904
1.4476703
2.4793832
1.7744316
3.6584396
0.9664484
2.3154368
2.8969679
0.8318721
3.3920491
2.0345871
1.2213066
1.6667081
6.3466811
3.0323734
1.0663739
0.3637942
0.3578409
1.1019723
2.5299766
0.8807839
0.8599753
0.3320441
2.2604961
1.5110101
0.3779766
0.4929576
0.6241738
1.281495
0.5622013
0.6672969
0.1380909
0.7219691
0.2912128
0.622258
0.2163712
0.2865958
0.6836179
0.1318895
0.3525654
0.5505385
0.3538076
0.4975215
0.4178796
0.8383337
0.2972319
0.638715
0.8925467
0.7701338
0.9782145
0.2146215
0.3820451
0.1687857
0.5480801
0.6758531
2.7697301
0.6623049
0.5031998
0.1769435
0.259453
0.3559426
0.6648101
0.2142727
0.1775945
1.0589362
0.466963
1.8428377
0.4006863
0.8440039
0.2556262
0.143297
0.3964203
0.1877144
0.5484826
0.2172541
1.1352766
0.3764935
0.4421239
0.262489
1.1292212
0.7574886
0.7402052
1.1585493
0.5191083
0.1385403
0.2575357
5.9205856
0.9589919
1.2643467
2.1846774
3.0438006
0
8.8819227
0.6923307
2.1763277
1.9007434
0.6756472
1.1632707
0.4629219
1.1877009
4.4605489
1.0508569
3.7589672
0.4262381
1.0018181
0.3462178
0
0.6124988
0.7453629
1.6152486
2.0742188
7.9305634
1.2816207
1.6879288
3.0391068
0.1373542
2.3634851
9.1507826
4.8358641
1.3444254
0.7203635
1.7424886
0.3750485
2.029202
0.9535632
0.3855166
0.541146
0.5644114
2.0519545
3.3145616
0.5412707
0.9024441
0.1105351
1.3183141
0.7712989
0.091807
1.0748485
0.6662058
0.6308506
1.726674
1.7603526
0.3429385
0.4565298
0.2553765
0.2265111
0.2332965
0.3292904
0.7712114
0.9554651
2.0646691
0.409393
0.3267615
0.7246127
0.5972673
0.7164829
0.3689998
0.2292311
0.3661981
17.5308704
0.8554856
0.6208185
0.5315508
0.5907547
0.2496835
0.2267253
0.3068504
0.4905672
1.3873082
0.6853777
0.9038132
0.6382051
0.3062119
0.1313847
6.3444228
0.2435125
0.7038662
1.3861085
0.2192371
0.4887352
2.6382496
0.7269999
1.1507989
0.2194601
2.3919723
0.3804714
0.017794
0.8129553
1.685268
1.3765439
3.4893773
0.6201259
0.8733718
2.503324
0.3184325
1.2532054
0
3.4717741
0.5144007
1.5128225
0.8711727
0.4394421
1.1024966
2.143616
1.7497672
0.0863161
1.1726935
2.4617939
0.8216795
2.8501534
0
3.2604387
0.6574636
1.8736647
0.2110187
1.2789888
2.5062249
3.4951446
0.4684518
0.65286
1.9077305
1.6610334
1.402536
0.2311422
1.2715244
0.7138672
0.4710793
2.957509
5.2011147
0.2044483
0.111991
2.0204234
0.8225156
0.3280739
0.4307589
1.0722854
0.3102452
2.3687732
1.987156
4.1121712
4.1981192
3.899889
2.8444884
2.1302631
2.2490399
0.4239456
0.4202445
0.5212739
0.4400655
0.3388821
0.2368989
3.1509247
0.4482566
0.6327979
0.7626258
0.6840088
0.3162159
0.4774282
0.267246
0.3402371
0.6065338
7.9075751
0.2704994
0.2592854
0.7045035
0.746901
0.4866466
0.1986131
0.3995247
2.2368693
0.8655758
0.2937894
0.6983891
0.6705238
0.8386483
2.6057737
1.3751521
0.2724763
0.6863638
0.680567
1.1027998
0.9351085
1.6167623
1.0767334
1.4849734
0.3137338
1.1237708
0.8437974
0.1894407
1.6285745
0.6894756
0.9057872
0.4751641
1.0413191
0.1665532
0.3273546
0.5195549
0
1.2613301
6.2411809
1.6963345
0.9354241
3.5814373
1.7232327
1.1075797
1.0368173
1.2269082
2.75775
1.1752771
4.0118766
14.8176374
1.4661916
2.2225854
1.807873
1.2069964
1.1309791
0.4013351
3.8665528
1.2824641
0.6440026
0.563541
3.2298117
0.9797964
1.2348667
0.3236541
0.1934155
0.2454356
6.9549799
2.1033077
1.0111154
0.8265805
3.8051183
1.2622399
0.7964138
13.7271919
2.2445371
0.5352616
1.956028
0.2260067
0.8197858
0.8873372
0.7179307
0.5868238
0.7334487
1.2498009
0.5867798
0.8645561
0.157501
0.2305929
0.2440283
2.6209505
1.0082455
0.0998848
0.3805335
0.2550201
0.3182459
0.2480995
0.0687132
0.306427
0.5997021
12.3595839
0.8564138
0.4055732
0.5620538
0.4352063
0.6312291
0.2643718
0.0655406
1.4090878
0.8250896
0.1966934
0.3879015
0.8822641
0.2397704
1.0626177
1.9077313
0.171007
1.3311266
0.5847675
0.2179491
3.1050153
2.073024
2.2247455
0.6669855
0.4624515
1.5616298
0.5271999
1.2260605
2.5177767
0.8924806
1.2175071
1.1378198
0.9467006
1.0209228
1.8411224
0.7562503
16.7651825
1.2336437
1.042029
0.4411121
2.4409137
0.323011
0.6820338
2.4955993
24.9090958
5.235992
0.4637242
3.9926603
4.9561796
3.7157984
0.7825423
0
1.8139673
4.1915092
2.6016634
1.7989274
3.9749248
2.0267458
4.7017498
2.6317403
2.4839242
3.6493545
1.2988176
6.655982
12.8106279
1.260854
3.7090025
2.7208054
0.9756199
1.5001386
13.5810251
0.5526716
2.0956142
8.3221998
7.0138574
0.7759575
1.6750284
0.5048892
0.7300921
1.2273303
2.2409205
1.8426664
3.6104901
1.0961316
0.403406
0.5675867
0.1221499
2.322382
0.9545174
0.3888329
0.2501107
0.2417295
0.749827
0.8192144
0.1782212
0.3348043
0.2476416
1.3688774
0.7064416
0.8937542
0.6770408
0.2410681
0.2021651
0.2771577
0.3390756
0.6174262
0.1331741
1.4342437
0.4682807
0.2011583
0.8963145
0.8371009
1.1371348
0.3987018
1.063772
0.6580502
1.0633744
3.165163
0.5142156
0.2566624
0.7913923
0.876045
1.2379431
0.793812
0.4821361
3.7801738
0.2237911
1.5624539
0.6555413
0.2337479
1.5639614
0.8841923
1.8065639
0.6354239
0.3713617
0.6649072
1.4516257
3.7508318
6.1870413
43.4458618
1.0557964
0.8244441
0.56687
0.9136764
2.9856107
3.2090762
1.0875126
1.4270447
3.5703118
0.1341509
5.6646824
1.9049731
2.7816949
3.7809615
1.5171494
0.9477805
1.3857309
1.6737889
11.3639612
1.0028161
2.5213227
4.1006718
1.1063267
3.740361
3.163358
0.453548
7.0871596
1.9360589
0.7031819
3.9853804
5.4795828
0.5377272
1.4790624
1.1062351
0.1576926
0.7230731
0.8703368
0.2398214
1.0047777
3.1971447
0.7155298
0.0585373
2.96082
0.2497696
0.1429295
0.1165122
0.5239763
0.5855256
0.5912713
0.7938979
0.11848
0.3119218
1.0360794
0.3173309
0.8235021
0.2936293
0.3209113
0.8120698
0.3456134
0.1082931
0.8618028
0.7502982
0.5885138
0.128758
0.6717513
0.4180414
0.8326078
2.5518103
0.6586223
0.722943
0.7810684
1.3388755
1.9855978
0.6901549
0.6655227
0.9411209
1.6183264
0.754158
0.6708563
0.5251392
5.3952756
0.4046126
1.5065234
0.5327324
0.5464113
0.7522006
0.4723049
1.5764835
0.9927585
0.8940152
0.8135688
2.2443714
20.6821194
0.6024649
1.0815533
0.835787
0.425565
0.5356496
0.6924611
6.9573092
5.440733
0.4650019
1.1503627
0.5426484
1.6344757
3.3235571
0.5333037
1.8657339
2.4181437
1.398543
3.2474113
2.1435986
1.3659084
0.9485346
1.3162261
0.5482983
0.6581228
0.4709149
2.6966157
6.0304193
10.682477
1.4645122
4.2521906
2.4825194
0.7954482
1.9845217
3.3312747
7.3480048
0.8585752
2.7024024
1.3597767
1.7004277
0.6388527
0.4971482
0.9750633
0.7044981
2.2402
0.3375756
0.8836895
0.389819
1.1917503
0.1761523
0.6037884
1.3506135
0.40515
1.5103287
1.8934088
0.6420855
0.7052283
0.8951042
0.1389899
0.3861791
0.2929024
0.7219022
0.409533
0.6357954
1.8770747
1.2932557
0.0267705
0.492247
0.8562164
3.4156384
0.7682425
2.7363703
0.790585
1.4740249
2.1402597
1.2300014
0.6469018
1.0889201
0.8429961
0.5374023
0.2165063
0.3102961
3.3784499
0.5402861
2.738893
0.6059034
1.199052
0.8833947
0.408961
8.807045
0.8070306
8.4897261
0.2702323
0.7148868
1.0703731
0.5381002
0.4633472
0.9038063
0.5545419
0.5393059
1.450398
1.6199554
1.4782147
9.9522018
2.1447868
2.4537294
1.2256908
0.5666386
0
1.8150334
1.0657694
1.1467086
1.430692
2.5359869
1.0654346
7.8576999
0.9628462
0.3231134
3.3427043
1.5908524
1.8305159
4.5423145
3.0696163
2.1923299
4.1336756
10.1355991
13.677681
11.2593651
2.0179791
3.3576775
4.551446
0.6037464
1.8889761
0.5810063
0.2520734
1.5507746
0.6780148
0.2572909
1.2591147
0.7486549
0.7900575
1.5229942
0.2636995
0.5491938
0.8317449
0.1555907
2.590553
1.3327991
0.3450371
0.9657269
0.8585435
0.9325719
0.8236859
0.2200282
0.3238848
0.4580054
0.440392
1.1806568
1.2400674
0.4156373
0.292734
0.2372178
0.566346
1.6688015
2.095186
1.3418312
0.6026703
3.0955298
9.3478775
2.4879141
7.2272716
10.3776474
7.9093838
14.3263664
15.5249386
3.1758089
14.0545435
8.6703043
26.9171352
13.2160835
6.9743538
7.7236748
36.9014206
0.8060614
3.6421709
0.5565508
0.1460339
0.222297
0.5717803
0.2366725
1.0662718
0.5377676
0.5395751
0.3548584
0.6779126
0.8567923
1.2047348
5.6182623
2.2253909
2.5144558
1.6050192
0.1308776
2.4864261
0.5349682
0.9269897
2.050889
0.728792
0.994562
2.1273217
0.7714649
1.826686
2.6876616
0.3665595
3.1392605
7.1280208
3.5180821
1.1118537
0.1676786
1.5344511
0.3982405
2.6048024
2.3259368
1.5884553
10.6986818
5.1542654
2.6879237
0.293669
0.648554
1.7339764
0.9477854
0.4197091
0.8320842
0.9609188
0.2242544
0.2811838
1.0880834
0.7755857
0.4331952
1.3477392
0.5180877
1.0036384
0.6106175
0.9384656
0.9733855
0.5585954
1.173043
0.1400138
1.0236541
0.2129811
0.7934033
1.3218724
1.0055752
0.8337514
1.015592
0.2212536
1.1416236
1.6711451
0.8371922
37.8516235
3.4447181
0.8823862
0.6886985
0.7473459
0.2310066
1.4930862
3.3456709
0.8351987
0.0393625
0.619808
30.9557896
0.3213042
1.3551883
2.6228085
1.1035599
1.4837404
2.1438215
0.9302739
0.2930423
0.1953462
0.838548
0.6796958
0.3312008
0.649633
0.5233519
0.2414325
1.7712808
2.8217003
1.3003578
0.5888059
0.5146384
1.2759734
15.2938652
2.2511654
0.6250898
0.1860272
0.9959862
0.8155739
1.7996882
5.6159382
1.3414108
3.6710439
4.951458
4.6753612
0.8540353
9.9582224
2.9386988
2.5209327
6.8720589
1.5758725
0.5522364
9.0553312
3.5681758
1.1165992
2.0823727
4.2758784
2.4182281
4.7184858
1.8704137
0.6973951
2.9955983
0.446077
2.5957949
1.3491077
0.1015863
1.1186172
0.1807132
0.2075158
0.378235
0.2523826
0.3105605
0.7197666
0.8168343
0.355338
0.300478
0.6122402
0.7225168
2.0853524
1.3599188
1.5537041
2.4903092
3.2521794
2.0361125
0.230855
0.2046335
0.0694201
1.6887778
0.5129318
1.4494835
0.3974785
0.688448
1.4327431
0.7486902
0.5219193
0.9081289
1.9941154
0.5236998
0.5203555
1.2343102
1.4750271
34.6260719
0.3421681
0.056609
0.7515103
0.9188328
0.3670033
1.8340435
1.8949373
0.7507704
1.2046288
0.6534842
0.7683592
0.3918439
0.7107949
1.3540659
1.4310442
1.060338
1.5108397
1.2138321
1.2679477
0.3891134
0.2889422
0.6526208
2.1330082
2.408241
0
0.3330664
1.3532771
5.5237937
0.9808994
2.523246
0.5199478
1.7183547
3.5784905
1.4631308
0.8236014
1.1130995
0.9262258
0.5215254
1.1977555
13.8799992
0.6138604
0.3421562
0.9150779
0.8406348
1.333303
23.54249
7.972929
0.9151658
0.5348232
0.2917007
0.0843947
0.1356548
2.1955962
0.4591233
0.4812456
0.4043166
1.2908032
0.4669425
0.3831577
0.3222567
0.1971104
0.3993756
0.3391061
1.2304854
0.6885458
0.4819939
1.8882458
0.5609825
1.7102132
3.0682704
0.2753712
0.4907815
2.0490723
18.174408
1.2251022
0.3719349
1.6626449
1.2423567
1.2437266
1.2224662
1.0671031
14.1005249
11.6774673
12.4831963
4.5346513
1.4199882
32.0532532
2.3116007
0.6892193
0.0673559
0.8904022
0.3864933
0.4014102
1.2529755
1.8223904
0.7630144
0.2984539
0.9170932
0.0804162
0.4417932
0.8677494
0.1005332
1.3917104
0.5492588
1.0219169
0.9364834
0.4073257
0.6633826
0.5626523
0.8075695
1.0853506
0.7087035
0
2.3953643
1.3748363
1.9099971
7.6246696
2.3895237
0.9713058
1.7498635
9.9900894
2.0301719
1.4081988
0.5632453
1.8179262
0.7330236
0.7398803
2.5061393
0.1441595
1.2376533
1.5932562
7.4075789
0.3498937
0.6125999
1.8638012
6.5782666
7.8621521
3.3657346
2.5289273
0.6677212
0.4938752
0.6300399
1.9603338
0.3990625
0.1452657
0.2374004
0.1703695
0.5256912
0.449636
0.7059261
0.4291596
0.4304311
0.7120903
0.8511306
2.4758418
1.5014774
2.9218929
1.9442617
3.568954
2.0539467
0.03558
1.8660206
2.8785758
2.085871
1.7769344
1.0157601
7.6395931
7.7727299
4.557632
6.1340208
0.3350249
0.2600174
11.4810371
0.5555658
0.7241629
0.5329852
1.5034044
1.1049932
0.2346041
1.2045434
16.9069843
0.1802879
0.4352005
0.1699427
0.2851164
0.6113064
1.470036
1.1884457
0.9140263
0.3737865
0.6730078
1.0878532
0.2450634
1.1757749
0.2518982
0.5078073
0.8790655
2.0455937
2.6588895
0.4193757
1.3904419
1.1564199
2.36325
1.2364551
0.6232375
5.4658909
1.7252736
5.5410299
0.9709868
1.2333463
0.5062629
1.1569839
1.5329667
0.1832399
2.0175819
2.1972458
7.6456633
3.7404501
12.3450356
0.5048934
1.4637312
0.1877958
0.2267183
0.9978905
0.0994434
1.9949589
4.7156334
0.491883
0.2904791
0.2446029
0.6305804
0.3058673
0.2435712
0.4775898
0.2211171
1.0973638
0.8419269
0.43083
0.2312712
0.7440727
2.4088089
1.203608
5.9037085
2.1243155
0.3796532
0.3037172
3.0649538
0.6228979
0.80126
0.6376909
0.7124321
1.1079303
0.806266
0.6172441
0.3115217
0.5166238
2.4299772
0.7392323
0.2793228
0.5851337
1.482661
0.0952591
1.0746628
1.4722012
0.9790342
2.2198248
0.1971284
0.3731699
0.6409369
0.6169398
0.7913295
0.7633619
1.2729735
0.151995
0.1851899
0.9141623
1.4917028
1.370349
0.3954001
1.2629917
0.53556
1.773706
1.4724231
1.8759722
0
1.3249345
1.3814416
2.0455415
1.4236665
3.5226319
1.6165959
1.0418707
0.5069093
0.6223056
0.5538946
0.2195803
0.3000599
5.5913258
0.8838878
2.0841868
2.2234766
1.1443475
2.5880055
12.3381071
1.7257572
2.8645689
2.2035217
2.9285862
8.6005993
2.3458641
0.70087
0.1533069
0.1944707
0.7286761
0.4582483
0.2731969
0.0770395
0.2150484
0.4880229
0.2076044
0.8247054
0.8455851
1.5666906
0.3504218
0.6215523
0.8464177
7.7875795
1.1833014
0.568521
0.1829657
1.8210295
2.1156063
1.6094311
0.2121108
0.3669003
1.1241761
0.7540271
0.5963271
0.6125556
0.6626011
3.0296185
0.9346371
0.4138839
0.2540548
1.0796489
0.3179972
5.0057874
2.2272508
1.9981707
0.9718159
1.567381
0.8054547
0.2082433
0.6220304
0.4046381
1.4327804
0.552143
1.0094783
1.0699928
0.7475415
0.8035439
0.7786699
0.2775034
1.4865339
0.5021989
0.8088704
1.188936
1.6872511
0.0506253
0.7332557
0.7722256
3.7754822
2.5467675
0.3168233
5.8646951
0.7569578
2.8660762
0.9045413
3.1291733
2.6403897
2.2867947
2.0310025
1.0406189
0.809588
1.2967745
1.9030296
1.4200236
0.866689
2.6509678
0.5971963
5.5602565
0.7528587
4.3574705
0.7110178
0.2894228
0.5029304
0.2121707
0.3069549
0.3681916
0.4122092
0.099946
0.0952511
0.3288379
0.4178851
0.4401261
0.2105028
0.1436733
0.4363056
1.8930653
3.4587953
0.9820976
1.0414488
0.7608739
0.6967757
1.0852445
1.3837721
1.6109526
1.1157393
0.5868353
0.3118179
1.9300905
3.5426934
1.3413858
0.5669057
0.1715495
1.6191326
1.968786
2.0255225
1.5993201
4.3379245
1.2117738
0.9458058
6.7556233
0.4390261
0.6631424
0.8995153
0.4838661
0.9781221
0.3579342
0.5894424
0.9914708
0.5009937
0.3868128
1.2398026
0.6044543
0.5233263
1.3104517
0.2588198
0.8238848
1.0892535
0.54957
1.0034155
0.4909293
1.3983599
0.6096848
1.7487013
1.2073122
0.3472472
1.1792116
2.0909634
0.2758828
0.6905518
0.679137
0.4708619
1.9803379
1.5402839
8.1966896
2.2560084
0.7432475
0.4388978
4.9695077
2.0530529
6.318953
0.8965815
1.7603357
0.5794645
0.2776165
0.505764
0.5563087
0.5077126
0.6995079
0.3947888
0.5271894
0.6203946
0.3230975
0.2253844
0.4595548
0.2441492
3.0416944
2.9233196
0.4244293
1.666716
0.421114
1.7594464
1.9852687
0.8623531
1.7994227
1.5773365
0.5525463
1.1475254
8.9959812
0.4927555
0.5010766
1.2760106
0.2745169
0.5890154
0.8806745
0.254357
1.8259047
1.158434
1.8452642
1.1537507
0.2528189
0.6757374
3.7424319
1.1826967
0.4311491
0.5583696
0.4028097
0.411447
0.2807552
0.4628785
1.0146203
0.0787572
0.6458942
0.6789896
0.4923338
0.8655134
0.328087
0.6185131
0
0.4607875
1.0565429
13.7877588
16.5080738
0.3485872
2.1419997
1.9479014
1.5362506
3.1692202
0.5575475
2.4868505
0.8082609
1.0222899
0.7166309
3.6008723
0.6240256
3.2285941
0.4532289
2.6584954
1.2783209
0.9038441
0.7014387
2.0708303
1.200076
0.364743
0.4806125
0.065748
0.0621281
0.21955
0.4316562
0.4285139
0.4380926
0.3457341
0.2330695
0.3738794
0.59361
2.1702645
0.9702094
3.0808201
1.5195013
0.3872198
1.599602
3.2914774
10.1749802
7.9683166
4.2038789
0.3444385
0.4649263
1.3587998
1.4581726
0.86932
1.2236891
0.7196715
0.1566235
0.4897849
9.2501917
1.5976783
0.3083603
2.0292258
3.3700211
0.6795626
0.2931541
5.1862597
3.3459265
0.8004515
0.7731814
0.9602966
0.2059333
0.3976752
0.4981325
0.6042979
0.8967639
0.3402199
0.3043368
0.6699149
0.4750096
0.4743258
0.4089817
0
0.4589128
15.1230898
0.6076755
3.5170257
3.0277531
2.2301228
0.9337044
1.1279522
3.8368618
2.3169844
1.2788258
1.1869866
2.2597711
1.0656239
0.3778958
2.5811758
2.3286164
3.9867041
5.0003629
3.9544077
2.5415435
0.7961988
1.8234459
4.9873662
0.922664
0.3568228
1.7358466
0.8625401
1.9929198
1.3669089
3.5743933
27.3222103
2.181114
2.9592364
0.6017972
5.0152326
2.2049522
2.9734128
3.8604386
2.095253
2.087276
2.1564701
2.1961119
2.6357853
1.1303992
0.796675
2.2645171
0.3614022
1.6752642
0.6016131
0.5632266
1.8487478
1.0726281
0.1593101
0.7095832
1.1860375
1.3888733
1.0449457
4.3130221
0.5987031
1.5877305
0.8545191
0.7368625
0.1840546
1.0421959
0.6868454
0.4226647
0.3716261
1.1654887
0.2867566
0.9248258
0.5213882
1.5436854
0.4392222
0.4331403
0.2414325
0.4416206
0.2124133
0.5869138
0.6764712
1.1685736
1.6411303
1.2198714
1.4750713
0.5765742
1.7067695
0.6083094
0.0978121
20.0628223
4.1918435
0.8868187
2.0143447
0.7652299
1.1879601
0.6926363
1.455169
0.3870918
0.457539
1.1454798
0.8416476
0.6205858
1.0590682
0.8719174
0.3724726
0.2818663
0.5323624
0.3926826
0.4565364
0.1419566
0.5120713
2.3690405
0.6821693
0.5491138
0.8362006
1.6374547
0.423907
0.5813962
0.3543878
0.1654019
0.1983544
0.1833788
21.476963
1.00209
1.0602573
0.7723513
2.3486102
1.2152711
0.3755205
0.9393901
0.2878259
0.4402148
1.3951734
0.9310867
1.1242205
0.4266314
2.8471501
0.750527
1.192409
1.5714546
0.7678861
0.7444141
0.1085293
0.7331897
0.1823545
1.1297815
0.9060462
0.4738381
0.4264873
0.745706
1.5922921
0.3261527
0.2995065
3.0835094
0
1.1027695
1.7749813
0.8315547
1.213174
1.6373367
3.5639369
1.0565701
0.9834099
0.1256238
0.377607
0.6954215
0.4125956
0.4723267
1.0246555
0.4239935
0.8029648
0.7273362
0.0622733
0.3842636
0.08471
0.6314106
0.6211699
1.5452594
0.7428967
0.3298978
0.4542325
0.7070068
0.4073501
0.5391604
0.5379801
4.1505527
0.1914452
0.5365978
0.7968265
1.3395867
0.6983677
0.5192944
0.1342175
0.4420147
0.48096
0.4721092
17.5145111
2.702497
2.4793944
0.6200239
0.8085498
0.5813379
0.6211517
1.256891
0.9117619
0.4066024
2.6957273
4.3233366
1.3683618
1.2732087
0.21654
2.132659
5.3284574
0.1106716
0.6508595
1.0616889
0.7670594
0.3710684
0.2040504
0.427544
1.0493799
0.8006412
0.8937237
0.9656293
1.8796108
0.5536507
0.2274239
11.9745827
0
0.707913
2.2728345
1.1809753
0.7818686
0.4450671
1.0232518
0.3482024
1.1848024
0.3724603
0.8969211
0.5954706
0.3620084
1.4479746
0.7310065
0.637171
1.3886555
0.6192652
1.8763138
1.9699285
0.2763943
0.2117725
0.1163727
0.1987963
0.4776503
0.6319054
0.2083465
0.2574424
0.2085116
0.0949341
1.0362533
0.3324232
0.2365356
0.4515515
0.5610054
0.5173404
0.2297345
0.727458
0.0312328
0.1290834
13.5976353
0.5528478
0.3453371
1.0107116
1.0809178
0.8221834
0.3260707
0.726213
0.9130098
0.8668303
1.3827968
13.1048574
18.5576897
8.2061052
16.5236797
19.049057
9.0529785
0.3649201
1.6143898
1.6741534
1.0214571
1.2166303
0.7031868
1.6394088
1.1972786
0.1561488
0.2766325
0.1130241
0.5434577
0.9840701
0.792294
17.8622513
0.9588776
4.5473714
0.4009844
1.7301515
1.4377606
1.1348022
0.4986313
1.0953844
0.2873708
0.5283681
0.4855721
0.3814144
1.2996196
0.7662799
0.2637683
1.5314631
0.934943
0.4469717
0.5699717
0.377679
0.6294159
0.8738502
0.3321736
0.3816705
0.2299888
0.4197446
0.450053
0.441079
0.9984607
0.2797113
0.8646622
0.461855
0.8116346
1.135082
0.5650949
0.7878177
0.5258239
2.3090067
11.515048
1.3191475
0.565844
0.3916878
1.0853351
0.6027321
0.6839457
0.453065
0.5469704
0.380884
1.4219822
2.0336957
0.0771665
1.6927696
1.6328008
0.5888908
0.511053
0.2074884
0.8500255
16.133564
0.5763233
0.7405122
0.6386683
1.1732349
0.7540514
0.6311744
1.8539305
0.709484
0.9183774
0.5570446
0.6586582
17.4002934
0.87591
0
1.6446464
1.5089203
0.5173838
0.3564578
0.3877863
0.6062326
1.3472952
0.7077597
0.1908847
4.1990271
0.7997114
0.20997
0.4210722
0.709819
0.4573953
0.1629232
0.877766
0.2036138
0.6508035
0.3672204
0.3140731
0.4502
0.2364532
0.218593
0.3873801
5.9456539
0.7164238
3.6344156
0.3447799
1.5716286
0.1732729
0.4751646
1.3715441
0.1739662
1.4512321
1.5994148
0.6161143
0.4098845
0.8482268
0.4052477
0.7707042
0.711839
0.350357
0.3814352
0.2493947
0.7488328
1.4916043
1.3663085
1.0290512
2.0308235
0.5971527
0.7173817
0.1206491
2.3836195
1.8474965
1.1885078
0.3858019
0.3322454
0.269466
0.4603117
0.5839348
0.7355896
0.5159031
0.7522038
0.8243985
0.6667341
1.046297
1.2091409
0
1.3134686
1.5707201
1.9779719
1.1383741
1.3405219
1.4136069
0.4183572
0.9590482
1.4964621
0.5652488
0.3792529
0.7310146
0.2048131
0.4855323
1.6414174
0.6202094
0.908109
0.3275464
0.846704
0.3405767
0.2697797
0.3694483
0.7835799
10.4644356
0.7636377
0.8433481
1.0731421
0.2628133
0.9114892
0.3103271
0.735369
0.5872791
5.3880172
1.7931249
0.1197473
0.5464854
0.4561943
0.2447755
0.2260676
0.2930759
0.2371685
0.1648146
0.1541732
0.9398406
0.8412004
1.1176153
0.2193646
1.2089585
0.2489017
14.7400475
1.1286849
1.0073173
0.7514928
0.3838284
0.5778159
0.3694273
0.5818099
0.4211996
0.9247667
1.0890404
1.3199505
1.0846863
0.1794271
0.3237939
0.1893974
2.8534293
1.3213885
0.0058729
2.9483452
1.694947
1.6586032
1.6696522
5.103828
2.0235114
1.0577544
0.4727198
1.9343864
0.2317639
0.3493602
2.3266642
1.6637355
0.5586834
2.579469
0.7202224
1.1016082
1.6861132
0.3546077
0.271615
0.4075476
2.3930616
0.3796135
0.565111
0.2057626
0.4998984
0.7944947
14.2476587
1.9039114
4.0252018
0.3840073
0.8100051
0.8331555
0.4392142
0.5264128
0.4763086
0.2499008
0.4987904
0.3820059
0.1796104
0.4363418
0.4283815
0.4591601
0.7383984
1.6023484
1.4488777
3.7039719
1.3390052
0.4769757
3.5606327
0.9053217
0.2621384
1.0592051
1.4809216
0.290154
0.7589052
0.9064846
0.8650959
0.1566897
2.0609181
0.7025341
1.0432653
2.3017063
0.9384079
0.6856257
0
2.2498825
2.4461629
1.1531577
1.162867
0.3755929
0.2563838
1.1086627
1.0777872
0.8686774
1.2090504
2.112098
0.0625099
0.7819986
0.4320009
1.2139989
0.8041717
0.261418
0.5276231
0.2436361
0.5030649
0.2958401
0.1057646
0.1844155
0.2708665
0.9742592
1.3310072
0.6663392
0.7604396
0.6461053
0.4461756
1.1880124
0.4629152
0.6227476
0.6541162
0.7447432
0.5292147
0.4430539
0.7188845
0.6636065
0.2090838
0.5008393
0.9772096
1.4938581
0.9166591
0.0643193
0.3611428
5.5524201
0.6180284
0.3728335
0.2264115
0.4181689
1.1579584
0.4337202
0.8392029
0.4719553
0.2420697
2.1038938
2.5234361
0.1351952
1.7936106
1.5350661
1.5488976
4.4301906
0
1.7468981
1.2532033
0.4817727
1.3350686
1.6546016
0.9619787
0.3103086
1.5680169
1.0921597
0.4494388
1.3613185
0.9890251
1.5552801
0.6423219
0.3805807
3.5989251
1.1643164
0.7494131
0.8586516
0.9994027
0.6625291
1.3241383
1.9909867
0.0763149
0.3403596
0.1914636
0.0601092
0.7188779
0.2468586
0.266714
0.9893664
0.5599936
0.2134961
0.5378131
0.4183
0.3396294
0.1052957
0.6158137
1.0478671
0.4882045
16.3499584
0.5487124
14.4180212
1.5758183
0.5908952
0.7117369
1.199885
0.4042816
0.4171281
1.3416079
0.6879624
0.7879998
14.0486813
3.2664471
3.8542655
0.3626781
5.7115026
1.5375853
0.5637029
1.4182308
0.1498946
1.4453313
7.7174821
0.9683663
0.5124111
1.5913334
3.00859
0.8328781
2.5503793
1.4249797
0.8969073
1.9329647
2.0625346
6.7510471
2.9711635
1.5843037
0.7795271
1.4154381
3.9687512
1.0054797
0.6457552
0.5233427
0.9688524
0.5417548
0.7624223
0.9171652
0.5674117
1.1864341
0.5194666
0.1656181
0.3814824
0.6805997
0.0464102
0.8968631
1.4080991
0.8522789
3.6179364
0.8759459
0.0818359
0.8948678
0.5195015
0.4202814
0.0896387
1.0658575
0.6890923
0.0749939
0.1509467
1.1356354
16.4008121
1.4185922
5.145824
4.042757
1.5244085
1.5646052
1.0825735
3.0950756
0.9793052
0.4040852
0.7869422
0
4.19596
7.595171
0.1406483
0.5529169
0.8737226
3.1396875
2.2080665
0.297493
0.4624171
0.3537703
0.6047909
0.8008159
0.1239963
0.2203007
0.6673841
0.814317
0.7328382
0.3296944
0.20785
0.5565265
0.5664988
0.4619186
0.9122251
1.7561545
0.3510311
0.4456627
0.1810951
0.4432639
0.3543267
0.9696087
0.4583508
0.6504117
1.094527
0.9938871
0.1082004
17.5808296
8.4158945
1.9413428
0.3044276
1.1947484
2.0660024
2.9559195
1.1834733
0.9810028
0.8616741
0.5704292
0.7298533
0.4429552
0.230933
0
1.4104241
1.3450211
1.749449
1.3550727
2.0451441
0.1421117
0.3230022
0.4334978
0.2245542
1.1093417
0.2224783
0.8873893
0.7632462
0.5236092
0.5608777
0.333313
0.2859265
0.5459827
0.8708135
0.5027952
0.5152209
2.2784965
0.3109889
0.8993059
4.5701294
1.9516243
0.3814288
3.0310106
0.5692626
0.3305418
0.300408
0.9149103
1.2979882
17.4394264
1.2785459
0.3480041
1.3294343
0.6760627
2.8140779
1.3932562
1.7439882
1.4053681
0.5440024
0.9861026
0.6147076
0.6252294
1.427816
0.6295455
1.1799572
1.9365631
0.7617805
2.6211498
0.4913463
0.2289233
0.7223254
0.2036776
1.5021389
0.305009
0.3682824
0.5605025
0.6439705
0.4384265
0.8011026
0.2568157
0.6455848
0.3639096
0.5699192
0.7709847
1.0179274
1.4970137
0.7601736
2.1710396
6.8244328
2.3274953
0.8764477
2.0922844
0.2164736
1.3048118
3.2010591
1.8451397
1.6755753
1.8940872
0.7719243
1.9653206
0.4466882
1.2791688
0.3066491
0.8182902
0.4329294
0.5101749
0.6724611
1.7582181
0.888283
8.3923817
0.8596505
0.8457286
0.5967463
2.8687563
0.7997938
2.0661225
1.1774652
1.4715012
1.1960971
0.397734
0.9222468
0.8260302
0.6812145
3.5561261
1.9509767
2.3139069
0.6348152
0.043027
0.5309991
0.5763907
0.8607972
0.6462226
0.5994342
0.3463359
0.5780675
0.167376
0.7423643
1.3024496
0.6103118
0.8851587
1.0779227
0.8437059
0.1596893
0.547812
0.7264836
2.260896
1.3491372
13.0341291
16.9067745
19.5077248
3.3978906
14.4581337
2.0814698
1.7168456
0.5066548
0.8943338
0.5328745
2.0885038
0.9106851
0.6213362
0.1568676
0.7730069
1.538902
0.1895121
1.3857937
0.7074426
1.3108193
6.8026981
9.4927959
1.4335128
0.29922
1.1078022
0.9297792
2.7045805
3.0359201
0.3608854
0.1458244
0.9801671
3.0291445
0.9353037
7.6008596
13.0507584
4.6722813
0.4326652
0.4301713
0.447117
0.8910989
0.4880697
0.607327
0.4835709
0.5508063
0.4664621
0.571556
0.735042
0.8603042
0.4921119
0.4803444
0.4623784
1.27628
0.6766
0.4953979
1.9193401
3.4277985
0.407465
1.0113293
1.5193439
0.9347104
1.2532701
2.592247
0.8953899
1.148807
0.5684404
1.0162977
1.0727081
0.790118
2.0498507
2.0675447
0.8735
3.48281
0.944773
1.0262825
0
0
0
0
0.2953156
0.2061643
0.8668091
3.1195514
4.6209178
1.1822569
10.7839031
1.0101212
2.435039
6.8074121
33.4035149
20.5277748
9.4630566
4.4030824
1.9335772
0.9849091
1.0280739
0.6044505
0.6203807
0.4233369
0.4741242
0.4880839
0.7061457
0.091203
0.3782491
0.3690827
0.4848318
0.9389417
1.4620134
0.6216433
0.147139
0.1850514
2.4024096
1.1433247
1.135179
1.203472
2.0623522
3.3373044
1.9681351
3.138931
0.9237366
1.2171757
0.7574971
2.6200984
0.5488465
0.7603672
0.5974541
0.197732
1.4558762
2.468775
1.3913621
0
0
0
2.0709794
2.6072741
0.2829179
2.3394785
7.4397459
0.5417213
2.4764407
0.8200323
1.1498944
11.9275723
7.8751264
2.0122781
9.7994699
4.5487509
0.855413
0.3125175
0.5054995
0.1957339
0.4007759
0.6500642
0.2984228
0.4935765
1.024864
0.1468969
1.6211241
1.4410448
1.448215
0.8422498
1.3232125
0.3963659
0.7570249
5.6510835
2.021194
1.0089843
1.7930815
0.6029711
1.997864
0.3456498
1.9265249
0.8785058
1.8923559
1.3899878
0.9207078
2.2428873
0.4717813
1.5621535
0.6407717
1.6528622
0.3826561
0
0
3.4225013
2.1687415
2.382163
0.8967574
6.2767406
2.0097253
3.1653802
0.5302578
1.26552
3.8452795
2.8766627
9.6470652
3.7060273
11.6308727
0.383744
0.5061703
0.8215271
0.3369908
0.4782588
0.5561225
0.6523192
0.8155969
0.9034321
0.9809648
0.5457564
0.9100809
1.4429088
0.8655379
0.4115125
0.5782502
1.0036094
15.8175316
9.7802305
2.7848456
3.8649707
7.0421443
16.6699219
4.7319007
0.4305509
0.8315325
1.331494
12.9068222
0.3377456
0.2349727
0.8946963
0.8596212
1.9216623
0.5772837
0.2013613
4.2759275
1.2020819
1.9175303
2.247185
0.3761785
1.6918906
1.9458077
2.0509512
3.8494749
4.177608
6.9264097
3.6348586
9.2819757
10.9083157
2.6512692
0.7920641
0.9892703
0.726225
1.669451
0.8539504
0.889299
1.8276024
1.3461334
0.9155145
1.5778233
0.9549024
0.5316877
0.2546438
1.1693661
0.8602598
0.7240975
0.5387763
0.374452
1.2850864
0.8028772
10.8315754
0.5671453
0.4449075
2.9661133
0.4691817
4.7764554
1.8047463
0.7094519
0.2227615
0.5756367
1.8551778
0.3614665
0.5967215
1.7571274
0.9067485
0.3652907
0.8189539
0.6635612
1.9431305
1.6678362
1.4555504
7.0448232
7.0747943
6.40382
1.8681349
1.6939856
1.4740452
0.9895765
1.3528092
1.5865684
0.7956014
0.8461266
0.8047358
1.1880012
1.3899443
1.2991166
0.7616867
0.9090813
1.1114469
0.8815467
0.8175228
0.1856081
0.613028
0.863321
6.001184
1.139891
0.3829062
0.5476149
2.4205859
0.1731438
1.7178235
1.1171916
0.7358454
1.0582098
0.7291775
0.2902442
0.6597092
0.2021084
1.8125114
1.5193617
1.0226485
0.6349087
0.6417639
11.6255245
10.9150724
8.9701834
12.1936216
5.5997291
11.3373718
2.3197815
1.4024198
0.9002715
3.2945945
0.707662
1.3072422
1.5678682
1.3640211
0.341172
0.7208681
0.431395
0.6364487
0.9394574
1.0312762
0.4703332
1.3348513
0.5661048
2.2690341
0.927642
2.2680812
0.5687572
2.3119197
0
0
0
0
0
0
0
0
0
0.8788903
2.5728734
0.8607021
1.0518371
21.6244659
10.8297386
11.7466888
5.2043738
6.0018563
2.0343034
1.1713463
2.2776523
1.3597569
2.5822423
2.8967118
1.7979562
1.4467641
1.4400487
0.7684618
0.3641975
1.2200942
1.0743233
0.5853598
1.6978152
0.4074529
0.3243406
0.2609015
1.3969421
0
0
0
0
0
0
0
0
0
1.1421133
3.3953271
0.6087469
0.3324589
28.3743534
47.3865623
8.5982161
6.3850732
11.6146898
0.4645854
2.1588767
2.8493872
6.4493656
6.4202414
3.6959567
2.3830495
1.2183583
1.2030027
0.1332247
0.3332701
0.8408555
1.0448523
1.1105237
2.5177722
1.3910462
0
0
10.4657888
3.1052608
11.6702156
0.7540329
1.7163867
0.3881558
0
0
0.3329786
3.8521852
5.7278175
3.8573749
13.9127426
10.2386837
15.2169247
5.4712205
2.9540021
7.0771174
5.0271664
4.0917501
5.4827442
5.9433813
5.4000821
3.1537201
2.0798662
0.7535217
0.9060709
1.1232941
1.5174917
2.4521124
0.454983
0.1355882
0
0.9446298
1.4182009
1.7543216
5.1338177
0.8184401
0.2453714
1.5703102
0
3.0068154
3.2066081
8.5169611
9.1576319
12.194418
4.8599792
5.9214377
2.1188178
14.6310635
11.1568089
1.409265
4.8617282
4.4568396
4.5036097
2.4465027
1.3408823
0.837491
1.7707496
3.1542597
2.9844735
0.9825079
0.4844686
0
0.3644549
1.1949111
13.0518084
0.2543553
0.9704669
0.8152837
5.2489986
1.0279689
1.6886116
2.9828832
5.0736203
6.1151872
6.9963102
2.8261664
5.1038175
8.4544315
32.2241898
4.4672861
3.4340975
3.7584567
2.2512627
2.3822649
1.8098235
2.1250608
2.7828271
2.914115
1.1808251
10.5594749
1.6708243
0.295955
2.4376135
2.3512421
2.6650202
0.930997
2.4693966
4.1210585
9.7198238
1.9811913
9.8912134
1.098729
0.917891
12.0821276
6.1617703
8.8042517
6.9094768
6.2149701
3.9448891
2.1843567
1.9517902
2.2589617
2.0654101
1.3878205
1.8639425
1.0730594
1.4409238
0.7528746
0.4240728
10.0088377
13.4720707
3.5532591
2.8895104
3.676255
7.545877
3.4874716
4.328969
5.0770516
3.8786447
5.027442
0.9540636
2.1438029
27.5621796
5.0775137
2.1788411
2.5731728
2.4181182
3.3464553
1.6981694
3.2526541
2.0006919
2.702395
12.6621666
2.4434485
2.291764
2.0603976
2.1697388
1.9497657
2.2460146
16.7828465
4.0183845
3.7983904
9.1686449
5.0678053
3.2584503
3.6771929
2.407722
1.0206056
4.3932409
3.742646
3.5638227
2.6214201
3.5275176
1.4246734
4.5935111
4.2558436
4.6481967
0.9972423
1.2761502
22.3818493
12.2568569
0.9124219
7.3650961
12.7011242
3.782639
4.7004266
5.7440133
10.9546328
4.5394354
2.7577293
9.3443642
32.0881081
8.7683849
5.0431986
5.6989489
11.2169437
7.0399003
6.4671812
1.1463332
3.9954824
0
1.3641366
0.2080127
3.9435463
0
1.0350381
0.0567102
0.2111524
0.1835834
1.7218391
0
0.8355065
0
0.4081122
0
0.5357761
0
0.7477123
0
2.2126455
0
0.1075566
0
0.3505641
0
0.7803584
0
1.5082505
0
1.4731667
0
0.9036594
0
0.9938894
0.216314
1.7629669
0
0.4822666
0
1.0220947
0
0.3149057
0
1.1315411
0
0.3778395
0
1.985315
0
1.6745465
0
1.3067665
0.0420568
1.554852
0
0.6397193
0
9.5502872
0
1.1470641
0
0.2217313
0
5.4615865
0
3.6605403
0
0.7119734
0
7.245717
0
1.0767527
0.0259441
2.0194771
0
1.6365708
0
2.2970042
0.2329737
1.3398968
0
1.1647731
1.1924132
1.4857713
0.6756005
2.184696
0
1.7174854
0
0.6547551
0
1.7790068
0
1.3401757
0
1.9578809
0
0.7884147
0.0052547
8.1298618
0.003722
1.6306429
0
1.9651792
0
1.7202346
0
3.806814
0
2.1451366
0
1.5429394
0
2.1293712
0
1.6343945
0
10.1175108
0
1.4939529
0
1.2959499
0
2.4781775
0
1.6338075
0
5.2829723
0.0304192
1.3147212
0.0420477
1.2139633
0
1.0892721
0
1.5883743
0.0018546
1.9338506
0.0064911
3.7563419
0
4.5776348
0
1.6136874
0
0.8160227
0
0.3297299
0.0003091
1.8859497
0
1.9787948
0
1.6949214
0
2.6899419
0
1.1766185
0
1.3553265
0
1.2747463
0
2.0416811
0
2.2352793
0
0.2124371
0.0068002
1.0687771
0.0383283
3.2023382
0.0398929
5.1071653
0
1.4348197
0
2.1905282
0.0228921
0.2453338
0
0.9572113
0
0.5988808
0.0552536
0.937476
0
1.0503755
0
3.211477
0
0.9130016
0
1.2715304
0
3.4171407
0
0.8160873
0
0.3788548
0
1.4782225
0.0043274
0.5497954
0
0.878859
0.0018802
1.3238933
0
1.1487175
0
1.3457311
0
0.4221203
0
2.353936
0
5.178412
0.1210025
1.8444682
0
1.5846726
0
1.0018651
0
3.2208955
0
1.6442505
0
1.1949255
0
0.4681469
0
1.6846192
0
2.274497
0.0064984
1.0680609
0
1.8066809
0
4.2497439
0
2.3918366
0
0.8341289
0
2.9373786
0
2.7581542
0.0037092
1.4480531
0.2012179
1.7281281
0
1.4923577
0
1.9317745
0
2.9661753
0
0.9178708
0.1325543
1.1540422
0
0.5245442
0.0006182
1.6938573
0.002799
3.6603606
0
3.0599957
0
2.0423024
0.1356492
0.9908322
0
0.9012777
0.0182395
3.321449
0
2.2091477
0
2.5353391
0
0.5073543
0
1.5247177
0
0.010092
0
0.722641
0
1.3879602
0
1.6295918
0
0.5022107
0
2.0757458
0
0.716212
0
1.0711013
0
0.5320334
0
4.1390018
0.1180955
1.9230646
0
3.8034604
0.0134662
1.2773113
0
0.909252
0
1.2006677
0
0.2257339
0.0058729
3.3658521
0
2.4452765
0
0.2720195
0
1.1324754
0
16.400074
0
0.5886332
0.2229363
1.8331399
0
0.6973547
0
0.4550049
0.0018546
1.187284
0
1.3792522
0
0.4316527
0
2.1763299
0
2.2523913
0
0.8148096
3.5267084
0.021292
1.9996574
0
1.219239
0
0.2707801
0.042603
0.6588293
0
2.7002907
0.019194
3.2090905
0
0.9020935
0
1.4922757
0
1.9100809
0
1.4339997
0
4.194612
0
6.394362
0
2.1571538
0
3.0470293
0
1.8478364
0.0393419
6.0146279
0
1.5186573
0
2.2651272
0
5.9578772
0
1.023796
0.0232236
0.9560325
0
0.39093
0
1.5349755
0
1.2598124
0
1.6427196
0
0.3794182
0.0400984
1.6352017
0
1.8188996
0
1.1455826
0.0037604
3.2512748
0
3.8958986
0
1.2610927
0
0.9679378
0
2.249912
0
0.673311
0
1.3212063
0
1.9214703
0
3.2930279
0
2.4494793
0
0.5377851
0
0.8265697
0
4.3826632
0
0.9545423
0
1.0602753
0.123062
0.5850411
0
0.3060784
0
1.9792691
0
1.0544176
0
1.8896916
0
0.5416315
0
6.5547457
0
0.6279688
0
0.384168
0
1.8756686
0
2.8229051
0
0.5651366
0
1.7145194
0
2.8986113
0
1.8293309
0
1.1721681
0
1.1883471
0
1.660604
0
1.2838434
0
33.3949585
0.1354673
18.657711
0
5.095942
0
0.9159179
0
1.6879894
0
2.4364586
0.2418753
1.5197849
0
1.3033687
0.0065205
4.5302057
0
1.9812536
0.0296429
2.1119716
0
3.2319663
0
4.442132
0
0.4130984
0
4.3060017
0
0.3773439
0
1.2157484
0
1.9737154
0.0703837
0.6864768
0
4.2103992
0
6.9054384
0
1.2631794
0.1187764
1.9966433
0
1.6641792
0
0.8923951
0
2.234683
0
1.1778563
0.0684289
0.8119934
0.0031522
0.9151898
0
1.014394
0
0.6050761
0
1.0513779
0
1.94046
0
1.0760248
0
1.4986714
0.2305034
0.6055455
0
0.2307608
0
8.0963411
0
0.5227955
0
0.3282884
0
2.1648328
0
0.3198503
0
0.7958979
0
2.0917222
0
1.6104707
0
0.1274656
0
0.7938517
0
3.1229136
0
6.6072593
0
9.350421
0
3.4282563
0
1.4323616
0
3.3852637
0
2.1960802
0
2.0900991
0
0.8082018
0
1.7150316
0
2.3620636
0
0.9218836
0
1.4225713
0
2.3799226
0
13.4620676
0
1.4114939
0
1.3870347
0
1.1632286
0
0.9286918
0.2285754
2.9119828
0
2.1393778
0.1799179
0.6544362
0
1.337218
0
1.5684242
0
1.5034732
0
1.6127168
0.0049552
1.8433019
0.2236555
0.5454845
0.0328169
5.0010424
0
2.2363873
0
1.9151573
0.1361227
1.2773
0.2264782
3.2680826
0.2125812
4.9816103
0
1.1641451
0
1.590728
0.0294034
12.9642706
0
1.3895142
0
0.8437212
0
1.5506244
0
2.1792243
0
0.2838715
0.003091
0.7733887
0.0003091
3.4845562
0
1.4926261
0
1.9292178
0
3.1769872
0
0.3952826
0
4.9694762
0.1902296
0.7384157
0
5.1189961
0.0233385
1.8654627
0
0.6633754
0
2.923749
0
2.4001193
0
1.5197625
0
1.0608081
0
0.9343116
0
2.7472785
0.2596551
2.7476296
0
1.0901607
0.2222815
2.6786046
0
2.3761919
0
0.3709298
0
