2.2491455
0.6988525
-0.9490967
0.7659912
-1.0955811
0.0488281
-1.2298584
-1.473999
0.2441406
4.6661377
0.5523682
0.8422852
-3.3630371
-0.6835938
0.7629395
-0.3173828
-0.2197266
-1.0314941
8.2183838
-0.1342773
1.9165039
0.6500244
-0.1800537
-0.177002
-4.8065186
2.9632568
1.2451172
-2.7984619
-0.3387451
-2.1270752
-1.3885498
1.3885498
1.6418457
-1.0162354
-0.289917
1.385498
-0.3112793
-1.9470215
3.1494141
-0.2441406
1.7364502
-0.9063721
0.680542
-0.0488281
-0.9918213
0.6622314
0.4272461
-10.760498
-1.5960693
0.793457
-0.3173828
2.3468018
2.2796631
-1.4923096
-2.0507812
-4.5288086
0.1647949
1.3061523
-5.166626
-3.7200928
1.2817383
1.1993408
-1.4465332
-3.2165527
3.2958984
-0.1281738
0.793457
2.0050049
-1.8371582
0.2075195
-0.213623
-7.1807861
-20.3063965
-3.503418
2.7404785
2.1606445
-0.1831055
-1.7974854
2.1789551
-0.9216309
5.3405762
2.255249
0.1403809
2.6977539
1.864624
7.3455811
5.6152344
-0.0488281
-0.4943848
1.5045166
0.78125
0.6072998
-1.1291504
-0.9399414
-0.3326416
-0.2471924
0.6225586
1.3275146
-0.0701904
-0.0854492
-0.5950928
-5.2490234
2.2766113
3.9550781
4.2633057
2.3834229
-1.1444092
-3.6987305
-2.4414062
0.6774902
0.4455566
-2.9266357
5.8837891
0.1312256
-0.1251221
0.2288818
0.1098633
5.7830811
-1.1566162
2.7008057
0.3417969
-8.2183838
-1.4160156
-4.5379639
2.7130127
-3.5064697
-0.4272461
-1.083374
-1.1901855
-1.9470215
3.9337158
2.1636963
-4.0130615
0.0701904
-2.7954102
-1.9683838
-1.4953613
6.3049316
6.7596436
-3.4301758
3.3355713
-0.0305176
0.4302979
-1.2786865
2.4261475
1.2481689
-7.6965332
-7.6690674
-6.3537598
-1.6937256
5.3436279
-0.881958
-0.5493164
-3.2012939
1.1688232
-1.1199951
-2.9174805
0.3875732
1.0131836
-4.4799805
0.8087158
0.6988525
3.5552979
0.0244141
-0.4821777
-0.982666
-0.9124756
2.6123047
6.0699463
-10.6933594
-9.3933105
-0.6774902
0.5310059
0.8605957
7.8155518
1.4038086
-2.4749756
-0.4455566
0.8483887
-0.9063721
-1.864624
4.5288086
-1.8249512
-0.6835938
-2.2033691
0.2319336
-1.7181396
-2.432251
-0.3814697
-0.50354
1.6937256
-0.088501
1.6479492
1.4221191
-1.1932373
3.0944824
-1.751709
0.6225586
0.402832
0.7324219
0.6713867
0.3509521
0.7171631
0.6469727
0.6256104
-5.4473877
-2.0446777
1.6448975
10.3515625
1.0467529
-1.4556885
0.0762939
0.2166748
0.5462646
-1.3946533
0.402832
-0.5157471
-1.159668
1.3397217
0.3448486
-1.2451172
-1.1810303
-1.2573242
0.0732422
-3.503418
2.1453857
1.751709
-0.0274658
-2.84729
-5.4595947
10.8886719
-2.1392822
-0.2319336
-2.6031494
-7.3913574
-7.2784424
-1.2054443
2.5421143
-0.769043
0.6774902
1.3763428
-2.7496338
0.2441406
-0.1617432
-1.361084
-0.2227783
0.8636475
2.6641846
7.7545166
4.7515869
-0.8392334
-0.6286621
0.9185791
0.5981445
3.4790039
-1.1657715
-2.8045654
5.3070068
1.7791748
2.7191162
-0.6195068
2.8076172
6.7169189
-2.4108887
-1.5563965
0.4180908
-1.3214111
1.0650635
0.4455566
-0.0457764
-0.3143311
0.1068115
0.9674072
0.869751
1.1993408
-2.053833
0.50354
-4.9194336
8.2244873
0.1434326
0.0488281
0.4669189
2.4536133
1.6693115
0.4669189
1.2451172
5.4931641
1.4373779
-0.289917
-3.2623291
2.7832031
3.3355713
3.2653809
-1.6204834
-1.4831543
-0.6988525
-0.3875732
-1.6418457
-2.8045654
-0.7171631
-0.3814697
0.2929688
0.2044678
0.3295898
0.0946045
-1.0650635
0.1831055
-14.6789551
1.776123
0.6652832
-0.6713867
0.3143311
-2.1484375
2.5695801
-1.9592285
4.0588379
-2.6947021
-0.7141113
3.9367676
-3.6193848
0.9521484
-2.4047852
0.4058838
-4.6875
-0.1037598
-2.0385742
0.5828857
0.6866455
-0.881958
-2.1240234
-0.8453369
-0.6408691
0.7507324
0.1556396
0.1281738
-2.7832031
-1.361084
1.6845703
1.2542725
15.2832031
-2.9663086
0.3692627
0.189209
1.1322021
-0.4119873
-0.4486084
-1.4434814
-1.6052246
-2.4871826
9.8876953
-1.6113281
2.6947021
-0.2838135
-0.1403809
10.2020264
2.4780273
8.9569092
-0.0244141
-0.0793457
-0.7110596
-1.9348145
2.6000977
-0.9796143
-0.9521484
-0.1037598
1.1352539
1.0375977
0.1037598
3.9001465
-0.4058838
-0.7568359
0.1556396
-0.5401611
-0.6134033
2.7770996
1.6143799
-3.125
-0.9460449
8.8378906
-6.2316895
-2.0446777
16.5710449
2.3101807
4.6020508
-0.1495361
-0.5249023
4.196167
0.5737305
-2.0507812
1.7089844
-4.6936035
-0.1556396
0.390625
-1.373291
-0.3234863
2.6977539
-2.3010254
1.2664795
1.2634277
0.289917
0.0091553
3.4515381
-1.272583
-0.8117676
-0.2990723
-0.3051758
-1.9897461
0.9918213
-0.1373291
2.1484375
0.3692627
0.27771
-2.7832031
7.7819824
2.3834229
-4.309082
-8.8745117
0.7476807
1.1779785
0.7263184
0.378418
-0.4058838
0.0366211
0.8728027
1.1657715
2.8564453
-2.4383545
-2.1728516
-2.3468018
-1.3671875
-3.125
-6.4086914
-3.6895752
0.4425049
0.7568359
-0.1678467
0.6774902
1.1016846
3.0578613
-0.1556396
0.4943848
0.9918213
-1.5014648
-1.7608643
1.6906738
7.1563721
1.1749268
-0.1525879
0.0915527
6.1096191
0.4211426
1.9042969
-4.3365479
-0.27771
-0.0671387
0.100708
0.3814697
-0.6347656
-3.2501221
-4.1625977
0.7354736
0.3173828
-0.27771
-7.0220947
-0.0579834
-2.1942139
-0.1251221
3.4729004
0.012207
-1.0009766
-1.9165039
-0.1586914
-1.0192871
1.272583
1.1749268
1.6174316
-1.4556885
2.1728516
1.8798828
0.2105713
-0.4302979
-2.1911621
-2.1270752
-1.0955811
1.7181396
-3.0303955
2.243042
-1.7456055
1.3580322
-0.7263184
0.6103516
-15.1550293
2.3712158
1.2451172
-0.3997803
-1.3702393
-3.3813477
4.5379639
2.0294189
-3.7017822
6.2194824
0.189209
4.385376
-0.1922607
2.5909424
-1.5838623
0.7965088
-0.6256104
-1.1993408
-4.7973633
-0.5371094
0.8728027
-1.6571045
-0.1647949
1.1627197
-0.2532959
-1.3336182
-1.9012451
-0.7232666
1.0620117
7.7209473
-4.6600342
-0.6835938
0.1098633
2.3925781
10.7147217
2.7191162
-3.0761719
3.0151367
3.2745361
0.302124
4.1687012
1.5533447
2.7923584
2.0690918
1.1077881
2.8686523
-0.5493164
-4.6966553
1.4892578
-2.1118164
0.7720947
-1.0345459
-9.2895508
2.532959
-1.5899658
0.1861572
-0.5004883
4.6356201
1.1169434
-1.2329102
-0.2868652
0.4516602
-2.0141602
0.5615234
-1.1779785
0.6958008
-0.9979248
-1.9134521
0.7507324
-2.2705078
8.6639404
0.1434326
1.5289307
1.8951416
4.1259766
-0.6591797
2.8137207
-0.3753662
-1.2908936
2.4505615
0.3387451
-4.309082
3.6468506
2.355957
-0.4089355
1.1383057
3.0303955
-0.9185791
-0.7843018
0.5157471
0.4119873
1.3000488
11.5722656
1.5594482
-2.8564453
-1.1413574
1.0803223
3.9703369
0.6439209
1.3031006
2.1820068
4.7576904
0.5737305
-0.4882812
0.8789062
-0.7080078
2.5695801
0.7476807
0.189209
-1.2329102
-1.9378662
-4.8187256
3.527832
1.0681152
2.053833
-0.4241943
2.0355225
3.5552979
2.230835
1.159668
3.8787842
0
0.0793457
-2.4139404
-0.289917
4.0283203
0.2563477
1.4587402
-0.5523682
2.1240234
0.6195068
1.3031006
1.6387939
0.1312256
0.869751
6.8969727
0.5767822
-0.7385254
-1.3946533
-1.9348145
-2.722168
1.2084961
0.8789062
-1.8341064
2.3284912
0.7965088
-0.9429932
-0.088501
-1.6784668
-0.3326416
-0.9368896
-0.78125
-0.2655029
2.0904541
-0.7019043
-0.4974365
3.3081055
-2.4108887
1.4434814
-0.6835938
2.8686523
-2.3986816
0.4974365
0.7141113
0.1190186
-3.7719727
2.6763916
0.881958
1.864624
0.4241943
-1.5869141
1.2115479
1.3671875
0.3601074
1.1199951
-0.8148193
-0.1983643
-1.4678955
-3.8757324
-3.2562256
-2.1514893
-0.9796143
1.6479492
-2.3223877
-3.1524658
-0.7171631
0.4821777
-1.9317627
-0.7232666
0.5279541
1.9958496
0.1434326
-4.0740967
-1.8920898
2.2003174
-10.8337402
0.1434326
3.6743164
-3.0212402
4.3121338
0.2746582
0.0305176
-0.4943848
-0.9460449
0.3173828
2.3071289
-0.7629395
-7.0800781
1.0253906
-2.8686523
-1.7547607
-0.5950928
-0.7202148
0.3814697
3.5614014
-2.2674561
1.651001
-5.3527832
2.8076172
0.9368896
0.4882812
2.6763916
-0.8483887
-0.1861572
-2.6977539
0.7720947
-0.7385254
-2.4993896
-4.4311523
-0.793457
0.3814697
-0.3204346
-1.1077881
-1.5930176
1.2237549
-1.3946533
-1.1566162
-0.6591797
1.3549805
-3.4484863
0.0213623
-0.579834
-3.2348633
1.9073486
-0.8178711
-4.3701172
1.6815186
-2.8167725
2.4475098
-0.9490967
2.1759033
-1.651001
-1.1657715
-3.3355713
-3.2165527
-1.7944336
-3.5858154
0.6835938
-2.7069092
2.6794434
-0.5706787
1.2145996
1.5838623
-1.7211914
0.894165
1.3824463
3.616333
3.6895752
-1.8371582
-0.8117676
1.5136719
0.1953125
1.675415
-2.9327393
-0.5645752
-0.6439209
-0.2868652
-0.8392334
0.1586914
0.5645752
-1.1993408
0.5462646
-0.6866455
-0.8483887
-2.0751953
-2.331543
-4.1564941
-0.27771
-0.9796143
2.4353027
1.4221191
1.05896
-2.9449463
0.50354
-0.5432129
-1.0009766
2.8930664
-0.1037598
-1.953125
-3.5247803
2.5939941
1.1169434
-0.4058838
3.4332275
0.8178711
-2.4841309
0.2288818
0.2227783
0.1708984
-0.4730225
3.5217285
2.2094727
1.2176514
3.2989502
0.6530762
-0.9735107
-2.3345947
-0.994873
-1.7791748
-0.4882812
-0.4699707
-0.793457
0.6103516
1.1199951
0.6744385
-0.9246826
0.8758545
5.9661865
-0.0640869
5.3985596
-2.633667
2.0599365
-0.668335
-1.3671875
-4.1900635
-0.5096436
-7.0037842
2.9052734
-0.177002
1.84021
-7.7575684
-4.7149658
-3.0273438
-1.7578125
3.5369873
-2.7648926
-3.5247803
1.5777588
-4.7515869
0.5249023
-0.2532959
-1.0498047
-0.3051758
2.5085449
-3.5827637
-2.9449463
-4.1137695
-2.3529053
7.0953369
1.7211914
3.8269043
0.289917
-0.1800537
-9.5031738
2.4414062
-0.7019043
0.5737305
2.0965576
1.7852783
0.8026123
0.6988525
0.0671387
7.5744629
-9.6252441
-1.9256592
-3.8330078
-2.746582
2.2216797
2.0446777
-1.3916016
0.5462646
-6.6009521
5.1147461
-0.0854492
1.0925293
-0.8453369
3.2928467
-1.5808105
1.1871338
-1.7669678
-3.7689209
-0.3387451
4.9835205
7.7758789
-2.5360107
-2.9052734
3.5186768
-2.053833
-0.1434326
-0.8239746
-1.2176514
5.847168
-1.5411377
1.0162354
2.0233154
-1.3824463
0.2471924
1.8188477
-0.1403809
0.2807617
-1.4007568
2.7130127
4.6539307
1.0345459
3.2928467
2.6824951
-0.0732422
-0.213623
-5.8959961
-2.7252197
2.545166
-1.7211914
2.1820068
0.1861572
-4.4036865
-0.692749
0.982666
0.2380371
-3.1921387
-1.5777588
-0.4089355
-5.5603027
0.0915527
-2.041626
-0.8026123
-2.1514893
-4.1748047
-1.7944336
0.1831055
0.7171631
0.4425049
-0.7232666
-0.1495361
1.9256592
-0.1159668
0.5828857
-5.8898926
-1.3031006
2.8045654
-0.6713867
-1.5686035
0.0579834
1.4404297
-2.2186279
-2.4627686
-2.3284912
1.5014648
-1.940918
1.953125
2.6550293
-3.2684326
2.8106689
2.1972656
0.2197266
0.5401611
-0.9552002
1.6693115
-0.5859375
-0.1953125
-0.3997803
0.2685547
0.1647949
-1.4038086
1.9927979
4.3060303
-3.994751
-1.28479
-0.0701904
-3.427124
0.6988525
-0.0183105
0.1373291
1.7425537
1.6235352
0.6866455
1.3641357
-0.4608154
0.8270264
-0.1190186
-1.3641357
1.1138916
-0.0671387
0.2258301
-1.5808105
-1.8798828
1.8859863
-0.2227783
0.8453369
-0.201416
-1.3336182
0.0213623
3.9581299
-2.4749756
0.7202148
-0.7781982
0.9552002
-6.0821533
5.9753418
5.1849365
2.0385742
-1.8890381
-0.4455566
0.2227783
1.361084
-2.7679443
-1.7089844
-0.579834
0.4638672
-4.2449951
-2.5787354
-0.2960205
-2.2674561
1.0223389
0.6225586
4.1046143
6.1553955
2.3254395
1.3397217
2.6000977
1.2145996
-0.9552002
-0.5065918
3.5217285
-1.0192871
-4.1290283
2.3223877
3.9428711
-0.2502441
0.8850098
-1.1047363
-0.27771
2.2399902
1.751709
4.6356201
-1.2512207
0.0061035
-0.8331299
-1.0650635
4.989624
0.7507324
1.9500732
-0.0030518
-0.1678467
-0.2258301
1.3916016
0.8789062
-0.8483887
-1.1108398
-0.6072998
-3.2165527
0.5493164
-1.0467529
-2.5421143
-5.0720215
2.7801514
-1.3244629
3.1982422
-1.4343262
-1.5258789
-4.3365479
18.6767578
-2.0629883
1.1077881
3.5339355
-0.793457
1.550293
-0.692749
6.8145752
1.7242432
-1.0131836
8.1970215
0.7598877
-4.7668457
1.2359619
2.1179199
6.9641113
4.2938232
-0.579834
1.9287109
-0.3936768
-0.0244141
-9.3994141
0
0
0
-0.0640869
0
0
0
0
-1.2481689
2.0019531
1.1138916
-3.2073975
-9.8937988
-0.9735107
-0.7537842
-0.6652832
0.3540039
-1.4831543
-2.4871826
2.1057129
1.7425537
4.4128418
-2.633667
1.1627197
-0.5126953
2.2338867
0
-0.1342773
0
0
0
0
-0.2319336
15.5975342
-2.2888184
-10.7818604
12.2802734
3.0822754
7.1563721
3.5614014
-2.4780273
1.7700195
0.4760742
1.7547607
-1.0284424
-0.0274658
-0.3753662
0
0
0
-0.1647949
0
0
0
-1.6815186
-3.4240723
0.1098633
1.1383057
9.8449707
0
-0.0091553
-2.6580811
2.7648926
7.4798584
-16.3024902
5.4931641
-3.6987305
2.2888184
0
-0.4974365
0
-0.1831055
0
2.4353027
1.3397217
-0.2532959
-1.373291
9.262085
2.1057129
0.4882812
2.5939941
0.2166748
-3.0303955
4.0985107
0.1617432
0
0.2197266
-1.5441895
-5.5725098
-0.0732422
-0.5401611
0
0.0640869
0
0.4119873
5.065918
1.7181396
0.3875732
3.1341553
-3.314209
1.0864258
3.8787842
-2.8869629
-4.6936035
-0.8636475
0.7659912
6.6955566
-5.1696777
-4.4403076
5.3436279
-0.8361816
-0.0946045
-4.1717529
6.0638428
-0.50354
0.4455566
0
-2.2247314
3.125
-2.835083
6.9213867
-0.6439209
-0.2380371
0
1.3549805
-0.793457
1.1138916
-1.6723633
-0.1373291
2.1392822
3.1829834
-0.8148193
-1.1230469
0.2227783
-0.3997803
-0.5126953
0.3387451
-1.1535645
1.6723633
-0.2441406
0.189209
-0.1159668
0.4058838
-10.1104736
-1.7456055
-2.2460938
6.6070557
1.7791748
-0.2075195
2.4017334
2.7160645
-2.2796631
6.8939209
0.1037598
-0.2197266
0.4119873
0
7.7819824
-1.1352539
-1.1383057
1.6937256
-0.189209
-1.8280029
-1.0620117
-1.5289307
-1.7059326
-1.5106201
-1.0742188
0.2319336
-2.6885986
1.3092041
-2.6367188
-2.3895264
2.0111084
0.1068115
0.894165
0.9124756
-2.243042
-1.159668
-0.1037598
-0.793457
-1.0345459
1.3092041
-1.8463135
-15.4144287
0.8483887
-2.0599365
-1.4129639
-9.6588135
2.7923584
-0.3814697
-4.2480469
-0.302124
-2.0629883
1.0009766
-3.8452148
2.0202637
-5.8105469
7.8460693
0
5.2581787
-3.1036377
1.4099121
-0.0061035
-1.6815186
-1.5625
-1.2512207
-0.9887695
-0.8331299
2.9632568
2.0446777
-2.053833
-4.40979
-1.84021
3.0090332
-2.4719238
5.6854248
-3.8635254
-0.8331299
2.6580811
2.0294189
-0.2593994
-4.7973633
-0.6072998
1.5594482
0.5340576
-1.7547607
-3.0487061
1.5899658
-2.255249
-0.6988525
-1.6357422
-7.4127197
-1.739502
7.1960449
-2.2186279
9.6679688
4.9591064
10.9161377
-2.2918701
-3.2348633
-6.2347412
-0.567627
5.0018311
-1.4862061
0.1922607
-2.3956299
-1.3122559
0.0305176
-4.1168213
-2.6184082
1.5991211
8.7249756
29.9682617
-0.8026123
-0.8422852
-0.8605957
-0.0274658
0.4669189
3.9855957
8.2183838
1.7028809
-6.0241699
-1.5441895
-0.7354736
0.7293701
-5.1818848
-1.0986328
0.6378174
-3.4393311
-1.0284424
1.5655518
2.0629883
-0.088501
6.6894531
3.2165527
2.6580811
-2.5878906
3.4637451
-3.793335
-1.8096924
-7.4493408
5.0292969
3.7811279
-0.5493164
2.2613525
7.8887939
7.0465088
9.7442627
-1.0650635
-5.46875
-0.2502441
-7.7575684
3.9520264
-1.6937256
-4.9926758
-1.2023926
-0.3173828
0
0.6866455
3.9672852
-2.545166
-0.1678467
-1.3397217
1.8127441
-2.1820068
-1.0925293
-0.0701904
1.2145996
2.2705078
-0.4394531
3.2470703
-2.5665283
2.3406982
1.5655518
0.4547119
-0.1525879
4.083252
0.7019043
1.3763428
-0.5615234
-1.3122559
0.604248
-0.8361816
1.2359619
-1.1016846
-1.5441895
1.2054443
0.7476807
-2.0843506
1.9134521
-0.491333
-1.2542725
1.2664795
0.7629395
0.9735107
1.3397217
8.5418701
0.5950928
-3.704834
0.1678467
-2.3468018
2.3254395
2.2613525
-3.9001465
0.7507324
1.8310547
8.3648682
0.0366211
-3.692627
-9.0301514
7.3364258
-2.4932861
-2.8259277
0.3479004
0.4760742
-2.1575928
-0.8239746
0.9063721
-0.8270264
1.0559082
0.2105713
-2.041626
0.9643555
5.3283691
-0.9063721
0.6134033
0.7965088
-1.1230469
1.6448975
0.5096436
0.5615234
1.5472412
0.7263184
1.0131836
0.6347656
1.4007568
0.4821777
-0.2288818
1.0040283
1.8493652
-1.6967773
-0.9857178
-0.3204346
-1.965332
0.8087158
1.5411377
-8.190918
0.8666992
2.9937744
-6.3812256
-1.6479492
-0.177002
1.7822266
2.1606445
1.9226074
-2.6153564
-2.0996094
1.8371582
1.0314941
-0.1464844
1.6021729
4.7454834
-7.8765869
2.6367188
0.1922607
1.3580322
-0.100708
0.4882812
0.0427246
-0.2044678
1.8035889
1.4312744
0.6835938
6.2866211
0.2105713
-1.5838623
0.6225586
-0.5706787
0.5187988
-1.4251709
2.6672363
-0.9765625
-1.0162354
1.1627197
-2.6123047
0.9216309
0.1739502
-1.7089844
-1.2145996
-0.3112793
-0.3936768
0.2441406
-2.2399902
-6.5582275
-3.8696289
-0.4425049
3.9367676
-1.2145996
-12.3382568
0.6408691
-3.0761719
0.9399414
-2.7069092
-13.7756348
-1.0162354
-1.6937256
-0.1190186
5.859375
-1.7059326
1.373291
2.0294189
0.5065918
6.3049316
-9.4726562
-6.7199707
-1.8829346
2.6397705
4.3487549
2.8045654
4.2266846
1.6601562
2.3162842
0.1983643
1.9927979
-0.6195068
-1.0284424
0.6958008
0.8880615
-4.5562744
3.6010742
-5.4229736
1.4709473
1.7669678
0.5493164
0.8239746
1.3824463
-3.2104492
-1.8463135
0.6530762
-1.5991211
0.982666
-2.835083
-1.1291504
0.7019043
22.0581055
-4.7088623
4.4128418
-4.7454834
-0.9216309
4.2266846
4.0985107
23.9715576
0.0671387
0.5859375
-1.7333984
0.9307861
-2.8808594
-3.6315918
0.7080078
-2.9510498
6.4941406
4.1595459
1.8768311
-1.9104004
3.2745361
-9.3048096
12.3535156
-1.4648438
3.1982422
-4.1931152
1.3000488
1.8249512
1.05896
-1.9012451
-1.461792
0.3540039
-1.8798828
-1.5441895
-3.4088135
2.8808594
-3.3203125
-0.3479004
1.4862061
0.9399414
-0.3631592
0.5645752
0.1342773
0.6530762
-0.1098633
2.4261475
0.2655029
0.2349854
0.1922607
-0.3936768
-0.1312256
-0.7232666
14.9810791
2.2491455
1.2634277
-4.2816162
-2.4627686
-4.2572021
3.9306641
1.6113281
6.2469482
-0.0274658
1.1260986
-1.1535645
4.486084
-2.0477295
3.5461426
-0.1678467
6.3110352
-0.2441406
-0.8056641
-0.579834
4.598999
-0.8117676
0
-7.0129395
4.7058105
-4.1717529
-7.2875977
0.8880615
-3.5888672
1.2542725
2.9724121
1.6693115
-2.0446777
-1.2756348
-0.0457764
-3.3843994
1.4556885
1.2176514
-2.4139404
-0.5401611
-1.0620117
-0.958252
-3.0151367
1.2817383
-2.6153564
0.1586914
0.3234863
-0.5462646
-1.4251709
1.0559082
-2.5360107
-3.5003662
-1.0131836
-3.3325195
-1.5838623
2.520752
-0.3814697
2.8869629
-2.9998779
-0.5645752
2.8930664
18.4295654
-2.0172119
4.0893555
5.2001953
-1.9470215
-1.7272949
-4.3212891
-1.0192871
1.4923096
0.7324219
-0.1037598
4.5440674
-2.1942139
2.5878906
-0.5645752
0
-0.4760742
0.50354
-4.7180176
2.4017334
-1.0314941
-0.7415771
0.8209229
-0.1220703
-7.3791504
-4.5227051
1.2878418
-0.5889893
-2.2155762
4.6478271
1.1871338
1.8554688
-0.6317139
-0.881958
0.9246826
-2.4963379
2.1026611
1.3366699
-0.9674072
-1.0375977
-1.0894775
1.574707
0.8392334
0.3753662
-1.5319824
-0.3448486
11.3494873
7.1136475
-0.5126953
-0.8026123
-1.6601562
-4.4921875
-1.3946533
0.5950928
-1.5960693
1.9470215
-0.2197266
-4.8034668
9.3200684
-1.3092041
1.6693115
-0.1281738
-0.0671387
-1.2329102
-0.3723145
-1.4526367
1.6479492
-7.7026367
-6.552124
0.100708
-4.0985107
-6.7047119
0.4272461
0.1861572
-6.6467285
-0.4974365
-0.3997803
-1.7669678
-1.4099121
1.7059326
-1.3793945
3.4362793
-0.9063721
-2.041626
-2.6062012
-1.4892578
3.7597656
3.1921387
-3.0487061
-1.6540527
-1.9683838
-1.4160156
-0.1434326
0.7843018
-1.348877
2.2491455
-1.1444092
-3.4484863
1.9287109
10.1715088
1.0345459
-5.3619385
5.0231934
-0.4486084
-0.3997803
0.6988525
3.1402588
-1.5869141
5.0964355
-2.5939941
-2.8411865
-3.0883789
-1.1932373
-1.1016846
0.1525879
-1.9989014
-12.6037598
-0.390625
-0.5401611
3.5400391
-1.3580322
0.5493164
2.0050049
-10.8001709
8.6914062
-3.1616211
0
-4.0405273
-0.7659912
3.7109375
-2.3529053
-0.2746582
-1.9683838
-1.0437012
-1.4190674
-0.6500244
-1.3031006
-6.4208984
-1.0314941
-3.2958984
-1.3031006
-0.6744385
0.8209229
1.3397217
3.9581299
36.8255615
-15.6555176
26.28479
10.6750488
3.5552979
-0.8026123
-6.1676025
-0.6561279
-4.3334961
-2.142334
-0.4486084
6.161499
-5.4931641
-0.302124
-2.545166
30.2001953
7.7178955
7.2998047
1.9134521
-0.7568359
0.302124
10.043335
-0.2197266
-3.8269043
1.2573242
1.4831543
-0.1800537
-3.314209
-0.5187988
2.3193359
-1.5045166
15.802002
-1.0101318
3.6865234
-12.8173828
-13.4033203
-4.6875
0
16.6748047
3.0517578
0.0335693
5.8044434
1.5472412
-0.3387451
0.0152588
0.1464844
-1.9958496
0.8056641
-1.1138916
10.2844238
-1.1657715
22.7813721
-1.6662598
-0.1861572
2.0111084
0.8850098
0.6408691
0.1617432
0.2380371
0.2441406
0.1464844
-1.2542725
2.4688721
27.5909424
-0.4150391
0.1525879
-10.4827881
3.8574219
-0.491333
-0.4241943
2.2277832
0.2105713
-3.0731201
-2.2949219
0.5432129
0.8209229
-0.6408691
-0.2044678
-4.0466309
-1.5258789
-3.5400391
3.3447266
-1.0009766
-1.6082764
0.769043
-2.0812988
1.5045166
1.1962891
-9.1491699
2.1942139
3.3233643
2.4291992
0.0030518
-0.491333
-1.6357422
5.8807373
-2.8869629
0.0579834
-2.432251
5.3344727
0.881958
-0.0061035
-0.1098633
0.9613037
-3.0670166
-3.3843994
-2.9724121
0.7720947
1.2268066
-1.3702393
0.1220703
0.1464844
-1.9226074
0.0427246
-1.1505127
0.0274658
-0.5371094
0.7141113
-0.4394531
-0.6103516
0.8148193
-0.6958008
0.3204346
0.6286621
0.0488281
-0.1678467
0.9796143
-1.1657715
0.9857178
3.1951904
-0.0518799
-0.9613037
0.4730225
0.0274658
-5.7128906
0.8758545
-4.9285889
-0.6896973
-2.3284912
-1.5045166
-6.0241699
-0.4699707
-3.503418
-1.9439697
-1.05896
1.5808105
1.7364502
1.6296387
4.4281006
2.3040771
1.6601562
-1.461792
1.4953613
0
-10.3302002
-6.6040039
-2.2125244
-0.7263184
-0.9765625
-1.7364502
0.6713867
-1.1779785
0.6164551
1.0040283
0.6378174
0.2685547
-0.6378174
1.1779785
0.668335
-1.4434814
-1.6082764
-2.0202637
0.6958008
-1.7120361
-0.402832
0.2746582
-1.3519287
1.7852783
0.0244141
0.1922607
-1.2878418
1.1077881
-1.260376
-0.4333496
2.0050049
-2.0812988
0.0030518
-1.3641357
2.911377
3.8238525
0.1586914
1.2054443
2.7770996
-1.2054443
3.2989502
-2.7374268
2.6855469
-2.7282715
-5.4290771
-2.1057129
0.2166748
0.479126
0.1617432
-6.2286377
-13.973999
9.8632812
-3.6376953
-1.6265869
-1.260376
11.428833
-1.6571045
2.1179199
-13.3178711
1.8157959
-4.8858643
-13.3239746
-2.1026611
-1.2969971
-0.6591797
-0.7537842
-0.8728027
3.4393311
-1.6876221
0.3875732
-1.1230469
0.9033203
0.0823975
-0.8087158
-0.3967285
1.0955811
2.0751953
-2.7526855
1.6845703
3.4667969
-0.289917
-3.2714844
-3.5522461
-0.4547119
1.8707275
-1.4770508
-1.1779785
-0.2960205
-0.8300781
-0.9887695
0.3112793
-1.9287109
0.6134033
0.994873
-0.6225586
0.289917
1.05896
1.361084
-0.894165
6.9061279
-3.3630371
-1.3122559
1.7669678
-3.4332275
-4.7790527
1.8981934
3.0548096
-1.9927979
0
0
-1.8615723
-4.6966553
-1.776123
-1.2359619
0.3295898
-2.8930664
-3.515625
-4.9468994
2.8778076
2.7069092
1.9042969
4.9163818
-1.1779785
-0.7202148
-0.3845215
-1.385498
-1.1352539
0.7202148
-1.5289307
-0.1983643
2.2125244
-1.4190674
1.1627197
-1.8188477
-1.9439697
-0.4394531
-1.0864258
-0.0183105
2.3284912
0.1739502
-0.6652832
0.378418
0.9429932
0.9643555
0.8880615
0.1525879
1.2634277
-0.2960205
0.0091553
-0.7598877
1.9012451
0.793457
-0.3845215
1.852417
1.4526367
-0.6286621
1.071167
-1.4587402
6.439209
2.3101807
-0.0518799
-0.0610352
2.0233154
1.3702393
0.0488281
-0.0274658
-0.390625
0
0.9246826
-0.1739502
0.894165
1.7883301
-3.1311035
7.8826904
6.1859131
-0.7904053
0
-2.734375
1.4068604
-1.0437012
26.6479492
1.2939453
-2.0812988
-1.7242432
0.668335
0.4974365
-0.7019043
-1.184082
1.9165039
0.1373291
1.1199951
0.7324219
0.4852295
0.6378174
-1.5808105
0.6195068
-0.0335693
-0.7446289
-1.8554688
0.0244141
0.8972168
-1.1169434
-0.9490967
-0.4150391
-1.0894775
0.3295898
-0.5828857
-0.9124756
1.2939453
0.4211426
0.4364014
-4.1931152
-2.1240234
0.7202148
-0.1922607
-0.0976562
-0.894165
-1.1352539
-1.4892578
3.9428711
-2.166748
-0.2380371
1.5625
0.100708
-2.2888184
0.6317139
0
0
-4.2266846
0.5584717
6.5216064
-1.9439697
-0.1037598
9.4055176
-0.5950928
-2.6611328
7.9681396
0
-0.378418
-2.1789551
0.1220703
12.5305176
0.8422852
1.0314941
-0.8300781
1.7181396
1.28479
0.2380371
-1.0406494
-0.7049561
1.675415
1.1322021
0.5859375
0.5157471
-0.4241943
1.0131836
0.2563477
1.6479492
-1.751709
0.6072998
-0.5859375
0.100708
0.4425049
2.835083
3.0395508
0.6408691
-1.0650635
-0.2441406
0.5157471
-0.9094238
-1.5258789
-1.7120361
0.8605957
-3.1494141
-3.5339355
2.5909424
1.3977051
3.2501221
-3.8970947
1.1077881
-1.5991211
21.1669922
1.28479
0.8483887
-0.4516602
5.5480957
1.7333984
3.3721924
-0.4577637
9.576416
0
4.4158936
2.1728516
-2.923584
10.9741211
-12.7838135
-0.6866455
-1.1566162
3.7963867
-2.5909424
0
-1.5930176
-0.4058838
-5.4870605
-6.7230225
2.8961182
7.6171875
-2.8808594
-1.9165039
0.5401611
-1.5808105
3.2012939
-1.8310547
0.6408691
0.2044678
-3.4515381
1.663208
-3.8330078
-1.675415
-2.0874023
2.1636963
1.4038086
2.9602051
-1.0803223
4.208374
0.1861572
-3.5186768
0.8514404
0.7659912
2.7160645
-1.7822266
-1.1199951
-1.4923096
-5.5419922
-1.5197754
-1.8066406
-7.5714111
1.5228271
1.4862061
0.0732422
-0.6225586
-0.6225586
0.7995605
-1.7272949
5.8898926
-6.1523438
-1.1901855
2.6733398
-3.7841797
-10.925293
-2.3406982
1.6723633
-0.5493164
-12.0697021
0
0
-4.7943115
17.7429199
3.3538818
-6.262207
-1.2176514
0.088501
-14.3829346
0.0061035
0.8361816
0.9735107
5.8227539
-1.260376
4.6295166
1.0345459
1.8920898
-1.9714355
0.0274658
1.5258789
0.2685547
-0.2075195
1.3092041
-0.2044678
0.4119873
-0.390625
-0.5401611
-1.473999
3.9520264
-0.7354736
-0.7873535
1.473999
0.579834
1.2390137
-1.461792
1.28479
0.4394531
1.3763428
0.9277344
1.3092041
-0.3631592
-0.6134033
0.9765625
-1.6784668
2.4841309
0.6134033
-1.5777588
-0.012207
0.5523682
-2.1331787
4.2236328
-1.0253906
4.6142578
0.5310059
0.6317139
-0.4852295
0.2197266
2.3498535
-1.1901855
-1.6296387
-1.4343262
0.0366211
-0.1495361
5.7220459
9.9578857
0
0
2.4963379
7.7514648
-0.4669189
3.5614014
-0.012207
-3.4179688
0
-5.2368164
-3.012085
3.3081055
-29.2205811
-2.8686523
-1.7913818
0.2319336
-0.3326416
0.2197266
1.0437012
0.6622314
2.2399902
-0.4272461
2.2247314
0.112915
0.3173828
1.1138916
-1.5380859
1.2268066
0.7629395
-0.592041
0.9002686
-0.1922607
-0.3692627
-0.1739502
-0.1373291
0.0671387
-0.604248
-0.3570557
-0.1434326
-0.3967285
1.6265869
1.7913818
0.5645752
-1.5014648
-2.4383545
-1.184082
-2.4017334
-0.0976562
0.3845215
-2.3010254
1.4587402
-3.4088135
-4.5288086
-26.7120361
1.1047363
-0.9796143
0.8331299
0.1312256
1.763916
-0.2349854
-2.7191162
-0.0152588
-0.2685547
-1.4038086
2.0996094
0
-4.4342041
1.4190674
3.2928467
-2.5726318
1.5838623
-1.3061523
-0.5737305
0
-2.9663086
-1.0437012
10.824585
-0.3814697
-11.8743896
-1.083374
-0.3662109
-1.5228271
1.1291504
6.8389893
2.2521973
-1.083374
1.4648438
-0.0427246
0.9002686
-2.1362305
-1.2237549
1.0131836
-0.9155273
-1.1322021
-1.1138916
-0.3936768
-2.3468018
-0.7141113
1.5106201
-1.1016846
1.5350342
0.189209
-0.6744385
-0.7415771
1.2268066
0.3143311
1.8066406
-1.7578125
-0.6134033
0.3448486
-0.0946045
2.8137207
-0.5371094
-1.0253906
-0.3417969
1.9439697
0.3936768
0.4180908
-2.5848389
13.5864258
-0.6439209
-0.0274658
-0.2624512
0.2197266
-0.177002
-3.704834
1.7456055
4.2053223
-2.3986816
-5.6915283
1.3336182
-10.0219727
-3.0609131
-2.6947021
5.3375244
-4.96521
-0.378418
-1.348877
-1.8890381
-1.6296387
0
-2.1575928
-1.7333984
6.1187744
-5.9082031
-0.8392334
-0.9613037
-0.8270264
-1.4373779
-1.9622803
-0.7995605
-0.1373291
-0.8392334
0.27771
-1.0772705
0.2960205
0.2441406
1.1322021
-1.6815186
-2.230835
-2.3895264
-1.3977051
-0.4486084
-1.4190674
1.6540527
1.0498047
-2.2399902
-0.5859375
-0.6835938
0.2288818
0.3143311
-5.6488037
4.0985107
1.9500732
-1.1932373
2.4536133
-2.3345947
0.7110596
-1.9134521
-2.3590088
2.1484375
-0.50354
0.4547119
3.2684326
0.7141113
9.1308594
12.5335693
-2.9388428
-1.1260986
6.0791016
-3.6804199
-0.1159668
-1.3305664
1.2329102
3.3966064
2.6428223
3.6987305
1.0803223
-0.4150391
-5.2947998
-6.7810059
0.5554199
-2.0507812
3.2409668
-2.1148682
-0.5096436
1.6540527
0
1.5045166
10.824585
-1.4801025
-0.2593994
0.2380371
-4.9133301
0.4272461
-3.338623
-2.5604248
0.0396729
0.9307861
1.8554688
-2.3406982
-2.230835
-0.9735107
4.1351318
5.8776855
4.6539307
-1.4953613
-6.9793701
0.881958
-0.7202148
0.1037598
-0.27771
0.2349854
-0.0854492
2.7374268
0.3723145
0.5096436
-0.5737305
0.7751465
0.2441406
-1.373291
-0.0915527
-0.9429932
-0.1800537
1.8005371
5.5938721
-0.4638672
0.1983643
0.4364014
-0.5310059
-2.4902344
-0.0518799
12.5427246
-3.1829834
-3.0273438
0.3662109
0.1983643
-0.9857178
-0.1922607
1.0131836
-2.0141602
-0.3082275
-0.6530762
-2.7893066
-0.1281738
11.4776611
13.6505127
-0.5279541
-1.7120361
0.7446289
-3.9703369
2.0141602
4.0557861
1.3000488
-1.2817383
2.4383545
-4.119873
-0.0915527
0.2868652
-0.9429932
-0.9246826
1.1199951
0.2502441
-1.7944336
-1.6967773
-0.6347656
1.1688232
0.8178711
1.8615723
-3.2196045
-1.9012451
2.9510498
2.9083252
2.9632568
-0.579834
0.7019043
-1.1871338
-1.1199951
-1.3183594
0.9307861
-0.8148193
0.2990723
0.6164551
-0.2502441
0.4425049
-2.4353027
0.769043
1.6174316
0.1281738
-1.0742188
-0.7293701
-1.7852783
-1.6937256
1.5136719
0.6744385
1.373291
-0.2258301
-1.9500732
1.8707275
-1.2512207
1.4862061
11.7034912
-0.6591797
1.3061523
-0.2258301
-0.479126
-0.9307861
-5.1269531
-1.4831543
0.2349854
5.7128906
-1.5319824
0.5157471
0.2624512
7.3699951
0.7995605
1.3824463
3.0639648
1.5533447
1.7852783
-2.9693604
-1.1322021
0
-6.3690186
8.8104248
2.6550293
-2.2064209
-2.0019531
-0.5615234
20.9655762
0
0.4211426
0.9460449
0
0
0
-16.9006348
-0.1068115
-4.3060303
-1.0925293
-4.5227051
0.6896973
3.8726807
0.5859375
-1.4831543
1.2084961
2.645874
-1.1016846
1.171875
-0.680542
0.0518799
0.5554199
0.4730225
1.1657715
-2.3468018
0.3295898
0.0915527
-0.7751465
1.7242432
-0.1647949
1.1993408
-1.6418457
5.1330566
-0.9063721
0.5340576
1.3641357
1.2176514
3.1555176
-3.213501
-7.0648193
-3.0426025
4.5837402
-1.8829346
1.5808105
-4.6966553
2.3010254
3.0212402
0.5249023
-1.0742188
2.2705078
0.6225586
1.1474609
-18.8995361
-1.9805908
-2.5909424
1.5441895
2.6031494
0.0488281
-3.0487061
2.6885986
2.7313232
0
15.8905029
5.1727295
2.243042
7.30896
0.2441406
0.8483887
12.6647949
-3.0029297
0
0
-34.6069336
0
0
0
0
0
7.9193115
3.0609131
4.1748047
-5.3894043
5.1177979
-1.7425537
1.3122559
-2.0904541
0.8422852
-1.6113281
-1.1016846
0.1037598
-1.3549805
-1.0925293
1.84021
-3.8085938
4.6051025
-2.722168
-1.9683838
-1.2115479
-2.746582
2.0904541
5.4748535
1.449585
0.6134033
-5.8532715
3.8909912
1.6052246
0.2868652
5.8807373
-0.2227783
0.8911133
1.3793945
0.1068115
-1.1199951
0.2655029
1.0528564
-0.4364014
12.3596191
-1.6845703
-0.994873
-0.5523682
-1.3275146
1.4831543
31.6253662
-0.5706787
5.4199219
-1.0742188
1.739502
1.272583
-1.6326904
-11.1968994
-2.1606445
-2.633667
-1.2054443
4.5227051
4.1625977
6.918335
-1.1322021
6.1279297
4.296875
-2.3376465
-0.2685547
10.9344482
-27.6184082
0
0
0
0
0
0
5.9661865
-4.0466309
3.7445068
4.8095703
-0.9033203
5.3436279
1.8188477
3.7384033
-0.8087158
0.0396729
-3.1921387
-3.3111572
-2.0294189
2.5970459
-1.0040283
-1.5380859
-0.088501
-0.6469727
10.3118896
-1.3336182
0.0823975
-2.0446777
-6.628418
-4.5623779
-0.9033203
-0.6011963
1.7944336
0.6469727
2.4230957
0.6958008
-0.0488281
-16.3421631
1.1047363
-0.2258301
-0.4730225
-0.1983643
-1.2481689
-0.7385254
2.9998779
0.4333496
-0.3845215
0.1281738
8.1542969
-2.6580811
-0.8270264
-4.3914795
4.6081543
0.5187988
-3.2806396
-1.84021
2.3376465
-2.0629883
1.5350342
0
-7.0495605
-3.6712646
3.6346436
19.0979004
-4.0039062
-1.2084961
-2.3223877
0.4974365
0.769043
-2.9571533
1.1199951
-0.7263184
-9.65271
-25.7293701
-0.5462646
3.6834717
5.1208496
4.2633057
8.4686279
-2.5421143
-17.0471191
-7.7758789
-3.012085
23.4649658
15.8508301
6.7047119
3.9794922
-0.0793457
3.4973145
-4.5776367
-0.3936768
-1.2054443
-0.7629395
1.7028809
1.9622803
1.461792
-1.7547607
-1.1230469
-3.125
-0.0427246
-2.1087646
0.6958008
1.3885498
-0.201416
-0.9918213
-3.2684326
0.4486084
-0.5004883
-0.1068115
-3.3355713
5.7220459
-0.213623
1.3397217
0.793457
-1.5930176
-0.9460449
-2.6672363
1.385498
5.0201416
-2.62146
0.7720947
0.7843018
-0.1159668
2.9693604
5.5175781
4.1137695
-1.0772705
1.0375977
-2.9083252
0.9155273
0.9490967
-1.9470215
-1.2908936
-0.6439209
-4.0252686
2.1148682
-1.2390137
-6.6711426
1.1444092
-0.0823975
-2.9510498
-3.9672852
0.0335693
1.6021729
3.1890869
-0.5187988
-0.0610352
-0.8789062
-7.1929932
-0.2105713
0.1647949
-5.7312012
4.6142578
1.5716553
-5.4992676
7.3822021
5.8227539
7.3699951
-3.1097412
0.5554199
-1.0681152
-10.458374
-6.9793701
1.8951416
-0.5493164
-5.2032471
6.0913086
-1.2023926
-5.3894043
4.9255371
4.1137695
-1.5838623
-2.4078369
2.432251
3.8391113
-0.213623
1.6723633
-3.5186768
-0.6072998
-0.100708
-0.4821777
-7.2418213
-3.3569336
-0.5462646
1.7669678
-1.5350342
-0.0488281
-0.5859375
-2.0965576
3.7475586
2.3284912
-2.2583008
0.1281738
1.083374
1.6784668
-4.3457031
2.2460938
1.3793945
0.9490967
6.1981201
6.7993164
3.6071777
3.7384033
0
-4.4494629
4.3670654
-3.0059814
1.8615723
-1.864624
13.3117676
15.1550293
-0.0305176
0
-24.9847412
0
25.3143311
0.4455566
-6.7596436
-1.6296387
-2.9083252
-0.0274658
-6.8450928
-17.5750732
4.498291
-2.1331787
5.2276611
-0.6134033
1.2634277
4.3182373
-4.8522949
-3.9642334
0.8392334
-0.1220703
5.3588867
3.8879395
0.894165
2.0874023
-0.9124756
-0.5218506
3.0395508
2.3193359
-1.9287109
0
0
0
0
-2.3040771
-1.2237549
-4.9133301
-0.5126953
2.9815674
-0.5065918
-0.50354
0.0732422
3.9550781
-12.2741699
9.1491699
-0.8453369
1.3305664
-2.4017334
0.4699707
-9.1217041
4.1931152
-0.189209
1.3580322
-1.2542725
-0.378418
-0.0152588
1.1322021
-1.1779785
-1.940918
4.7607422
3.4423828
8.9111328
2.4383545
-1.0681152
0.2075195
-2.34375
-0.5004883
1.0864258
2.0233154
-0.3173828
-1.6967773
-13.3728027
0
0
0
0
0
-0.6500244
-1.8341064
-0.4974365
-1.0040283
5.3649902
1.6296387
0
15.8660889
13.7908936
-16.7755127
-4.5013428
-10.6262207
-1.2878418
0.3387451
13.2080078
2.3529053
-7.208252
-2.5238037
0.4211426
-1.3275146
1.1108398
15.1306152
-1.2145996
0
1.0253906
-3.4973145
7.0648193
-2.9632568
-7.2937012
-4.5806885
0
1.3427734
-1.9683838
-1.4648438
0.994873
0.668335
2.9266357
1.5594482
0.6774902
0.5218506
0.0427246
-4.8675537
0.579834
0.3051758
-4.0405273
-6.5704346
-1.4801025
0.2624512
3.9703369
0.1373291
-1.8005371
-1.1077881
1.7547607
-1.7608643
-0.4272461
2.4230957
5.4962158
-5.5328369
1.2054443
-0.8209229
-0.9399414
0.2838135
-6.4971924
3.5522461
-1.8890381
-1.3977051
-11.1785889
-7.421875
7.7606201
0
0
0
0
28.8391113
-3.9215088
-1.272583
1.8127441
1.4221191
-10.4949951
44.5465088
0
0
-0.3356934
0.5615234
-0.2746582
-2.8656006
-0.5859375
10.8093262
5.8349609
-5.0598145
5.6427002
-1.8676758
-0.6652832
0.1678467
0.6195068
8.8592529
-2.7862549
1.4648438
-2.0111084
0
-9.5397949
-3.3782959
1.3549805
0.2410889
0
-0.8178711
-2.9785156
-0.3967285
1.6571045
1.9256592
-1.1260986
-3.3081055
-0.9735107
-1.776123
0.1495361
1.9287109
3.0212402
0.9643555
0.7049561
0.9765625
1.28479
-1.0955811
3.5888672
-1.8554688
0.0183105
1.0314941
-0.9521484
-3.0761719
0.567627
-7.824707
-3.7780762
-3.2897949
3.2012939
2.4475098
0.3692627
-0.9979248
0
-0.9277344
4.3334961
-10.4553223
0.6591797
-0.9552002
-2.5024414
3.2287598
2.8564453
-16.418457
0.4852295
6.9519043
-3.1707764
2.2277832
-3.1829834
-5.6152344
-3.6804199
4.8034668
12.8570557
0
0
0
0
1.8615723
-1.8310547
-1.8218994
-0.0732422
-3.5980225
1.4648438
-7.2509766
1.2390137
0.0061035
-1.5625
-0.6774902
1.2695312
-1.6540527
-2.2064209
13.4399414
-3.6224365
1.6967773
0.390625
0
0
0
0
-1.852417
-3.2562256
1.0742188
1.9866943
0.7171631
-1.5075684
3.1646729
1.7028809
-1.1260986
-0.4455566
-3.5400391
6.4025879
3.5308838
-1.361084
1.6357422
0.2838135
2.6031494
2.331543
0.3417969
0.2960205
1.4373779
-1.9714355
-0.3143311
0.6469727
-2.3254395
0.7476807
-4.9224854
-0.0213623
0.6378174
-1.0162354
-2.8381348
1.7974854
0.0488281
1.2359619
-2.7770996
-0.4608154
1.7150879
-0.2044678
-16.3360596
-1.9500732
2.5787354
0
0
0
-0.479126
1.6906738
3.1097412
0
0
0
0
0
0
0
0
0
2.6000977
-1.5380859
-16.2414551
-1.6937256
-6.048584
-19.1375732
-1.7608643
-2.5054932
-4.107666
-4.1290283
0.0823975
0.2349854
15.6494141
-7.3486328
-0.3204346
0.50354
-8.2458496
11.5509033
-0.8453369
0
0
-5.5725098
-0.3326416
1.9012451
-0.0946045
-2.0446777
1.083374
1.0101318
-5.7250977
-0.6317139
5.0262451
-4.7546387
-7.333374
3.2043457
3.3477783
2.7496338
-1.651001
-1.4953613
2.5054932
1.2512207
-1.6448975
-1.2481689
-2.4291992
3.6590576
-1.6021729
-2.4536133
-2.6763916
-2.2857666
-6.7871094
-2.7862549
0.3631592
-3.6407471
3.8909912
0
-1.2969971
-6.2408447
-1.9866943
-12.9333496
-4.5257568
-0.0640869
0.4638672
4.1107178
0.5340576
0
0
0
0
0
0
0
0
0
0
0
-24.0234375
0
0
0
0
-21.9207764
-0.0518799
1.1535645
-9.6313477
-2.06604
2.5543213
-1.3549805
2.6062012
0.9185791
-1.4648438
-10.5773926
-3.2348633
-4.2510986
1.28479
5.4046631
-2.9541016
-2.3620605
1.3000488
1.5106201
20.715332
-0.6896973
0.4852295
2.1148682
2.0233154
-2.1942139
-0.9887695
2.0233154
-35.256958
-1.8676758
2.5756836
0.994873
0
2.4780273
2.4505615
-0.3417969
1.9195557
0.769043
-1.0070801
0.8209229
2.5756836
0.8483887
1.6113281
0.0305176
1.0650635
0.3234863
-0.7904053
-4.3457031
-10.1318359
-1.3092041
-4.083252
-0.8148193
2.0599365
2.62146
0.4486084
2.2125244
-0.4760742
3.1677246
-2.3864746
0.0793457
-0.692749
-1.2817383
-1.651001
0.5889893
5.4931641
2.3681641
3.8421631
-4.1778564
6.2652588
-0.7141113
-0.2105713
0.5249023
1.3793945
0.4547119
-0.4608154
-2.5390625
4.9255371
-1.7486572
-0.970459
-1.763916
10.9436035
0.9765625
-0.1617432
-2.4017334
3.7963867
-5.7189941
2.0599365
3.2623291
1.361084
1.6937256
0.0610352
-4.1748047
0.2471924
-1.776123
1.9470215
-3.0639648
0.6622314
-7.6141357
3.2806396
-0.6561279
-1.7333984
2.4047852
-1.9744873
0.1708984
-0.3326416
0.1281738
-1.8798828
1.0864258
-3.2012939
0
0
0
0
2.4963379
2.0233154
0.2624512
1.5991211
0.1159668
-1.6174316
-1.3671875
4.9255371
-2.1118164
3.3599854
-2.4505615
-4.3792725
-2.0843506
-1.1108398
-0.0305176
8.0444336
-2.6763916
-0.3479004
-3.7139893
-2.8625488
0
-6.4147949
-7.711792
5.758667
7.5805664
2.8320312
-1.7456055
0.1586914
-1.9012451
1.1413574
0.7049561
-1.171875
-0.2838135
-0.5340576
-0.4577637
-0.4608154
0.2410889
0.8789062
1.4282227
-0.9796143
1.1993408
3.0059814
-4.0679932
2.34375
0.4425049
0.0274658
0.5249023
-6.4697266
4.1320801
-1.1932373
0.6774902
-4.6417236
0.6225586
-2.4780273
2.34375
-0.1525879
-2.230835
-2.8808594
-2.0355225
0.8178711
-0.50354
1.9348145
4.2999268
-0.3601074
0.4150391
-1.6571045
-1.2145996
14.0197754
18.5791016
-21.6522217
3.4637451
0.3601074
-0.0305176
-9.2803955
-6.237793
0
3.8269043
0
0
0
0
1.4038086
3.1097412
-0.8728027
-0.869751
1.1474609
1.3916016
-3.4454346
1.1779785
-3.5949707
3.0303955
0.869751
-0.994873
-2.2277832
-6.9641113
-3.1829834
2.8076172
5.770874
-3.1677246
-7.6019287
0
0.4638672
0.2593994
-13.28125
2.6397705
-3.0303955
-3.2409668
3.0853271
-10.6689453
0.189209
9.1705322
-0.2075195
5.5114746
5.4351807
8.5479736
8.5021973
-1.4648438
-4.4128418
-5.0292969
-9.487915
2.5665283
4.4189453
-6.036377
-3.9581299
3.302002
-1.4007568
2.2521973
3.7475586
-2.8137207
-2.3681641
-6.4758301
-7.8582764
-19.4152832
-9.9884033
-6.4178467
2.0904541
-9.8999023
-25.6378174
-38.7237549
-14.3463135
-8.5693359
-6.5612793
-34.1766357
-24.3896484
-16.696167
11.6027832
19.7814941
26.3946533
3.0151367
4.8065186
27.4505615
-5.1025391
2.3834229
-8.6517334
18.8079834
0
-4.3395996
0.6195068
-0.4150391
0
0
0
0
0
0
0
0
0
-1.8737793
9.2193604
-5.7250977
-0.3417969
-0.3540039
-0.3967285
1.5960693
-7.5469971
-3.5064697
-0.3082275
2.2369385
3.6193848
-0.0732422
-7.4310303
-1.083374
1.6784668
-2.3254395
0.7446289
5.6488037
0.3509521
-0.1708984
0.7843018
-2.6519775
-1.9104004
-0.6072998
0.5462646
2.6672363
1.083374
-2.5726318
-0.592041
1.6937256
2.4383545
0.112915
-2.0721436
-0.8636475
-0.8087158
0.3601074
-3.012085
1.6876221
1.3977051
-14.0319824
-2.2857666
1.0742188
2.2766113
-1.7578125
2.5115967
-2.9052734
-1.5716553
-0.6011963
-5.9997559
-3.4362793
1.0131836
-0.0854492
-0.378418
2.520752
3.3508301
-2.0019531
-1.385498
-1.7700195
1.1108398
-2.053833
6.1950684
2.5634766
1.9775391
1.260376
-2.9541016
-4.6813965
6.9580078
-0.4119873
-1.2359619
3.9367676
-0.6072998
0
0
0
-0.5065918
2.1209717
-1.6143799
0.7751465
0
0
3.503418
-2.0721436
-1.965332
-3.7963867
-1.2512207
-1.940918
-7.9559326
-5.6488037
-1.5716553
-4.6234131
2.6428223
3.1280518
-3.5339355
-0.0305176
0
-5.5267334
1.1566162
2.3254395
-1.1749268
-1.1047363
1.3336182
-2.1881104
-1.9592285
-0.289917
-0.289917
-0.3387451
-3.9031982
-1.3763428
3.2318115
-0.8850098
-0.6866455
0.769043
-0.970459
-0.9887695
-3.3203125
-0.189209
-0.3631592
4.1503906
-1.1627197
0.78125
-0.8605957
2.7160645
-0.3448486
-1.6540527
-0.2471924
2.4932861
-0.1251221
0.0549316
-3.2897949
2.1331787
-3.0456543
-7.1716309
0.2166748
-1.2054443
2.2888184
2.0019531
0.1647949
-1.0894775
1.1077881
1.0040283
1.9104004
3.9031982
0.2288818
10.5163574
-0.6439209
-4.4128418
-6.4697266
3.4820557
-0.4425049
-0.1037598
-2.8442383
0.1159668
0.2838135
0.2655029
-0.1617432
0.2655029
1.7272949
0.1190186
-0.289917
0.0976562
0.8270264
0
0
7.6538086
-2.3925781
-0.7446289
0.9796143
-0.3479004
-2.2094727
-2.9815674
-0.189209
0.8331299
-1.5014648
0.0579834
-1.1688232
-4.4708252
0
8.2489014
3.9093018
-3.4912109
-0.390625
1.2817383
-1.8096924
0.4760742
-0.189209
-3.8146973
-1.9500732
0.3540039
0.692749
-2.5726318
0.3387451
-0.1556396
-2.7526855
0.6195068
-1.9165039
0.3509521
1.05896
-0.6317139
0.3143311
-0.491333
1.1749268
-1.5289307
1.1749268
1.3946533
3.0212402
-0.7415771
-1.9805908
1.1077881
0.3997803
0.2288818
-0.1556396
2.5177002
0.8666992
-0.592041
-0.6469727
7.9803467
-1.5991211
0.6439209
-5.1849365
5.9020996
0.1739502
-1.1535645
1.7608643
-1.6601562
3.1829834
-2.1057129
1.5625
1.3122559
-0.0732422
-0.0762939
12.902832
-2.0507812
-0.189209
-0.189209
2.6519775
-2.4871826
0.7965088
-2.4169922
0.2319336
0.994873
0.9399414
1.5045166
0.7324219
-1.9683838
0
0
0
-0.0976562
1.5808105
-2.0599365
0.4119873
8.3953857
-1.3916016
-1.5045166
0.479126
-2.8259277
0.7995605
-18.8323975
-1.1962891
-3.7597656
-12.1826172
2.8503418
-5.0933838
-0.8972168
-0.0915527
2.0751953
0.4455566
-4.9072266
2.1728516
-1.4312744
-0.6256104
1.1505127
-0.4394531
1.5411377
-0.1495361
1.5289307
-1.6723633
-2.1575928
-0.189209
0.1190186
-1.7669678
-0.1403809
0.4119873
4.876709
-0.0335693
-1.2298584
-1.6815186
0.2166748
-0.9338379
0.8270264
-1.9989014
0.4241943
0.0854492
0.769043
-0.1251221
-1.1566162
-2.0629883
0.4577637
-2.4383545
8.3251953
-2.5604248
0.4333496
-0.8544922
0.3204346
1.3549805
-2.2613525
0.2716064
1.9439697
-2.0965576
-4.1748047
-1.461792
-1.7791748
-1.7425537
7.6904297
4.2388916
-14.7827148
-0.7263184
2.34375
1.9439697
3.9611816
4.8431396
1.1138916
0.9979248
0.1159668
1.0650635
0.5523682
-0.4760742
2.4780273
0
0
-4.006958
1.663208
-3.0883789
5.1605225
1.5991211
2.5360107
3.2745361
-11.2731934
0.7598877
-0.1190186
-15.9973145
2.2735596
0.8575439
0
-6.4483643
3.125
-0.8392334
2.545166
1.8920898
-0.8361816
-1.3183594
4.5501709
1.2054443
-1.5899658
0.7629395
-0.7171631
-1.3000488
-1.852417
0.7904053
1.1932373
2.5878906
-1.852417
-0.2319336
-3.137207
-1.6815186
-1.2023926
1.2542725
1.8829346
1.2176514
-3.2470703
-1.5625
10.6811523
-1.4312744
-0.4150391
2.0782471
0.7049561
0.100708
0.2532959
6.8328857
1.6387939
0.4211426
-4.1870117
-6.5643311
-4.0527344
18.5913086
-0.6408691
-3.9276123
0.3448486
-0.8911133
-5.4779053
-1.1627197
2.0446777
0.2319336
1.3519287
-2.1240234
0.8148193
-1.8096924
6.2866211
-1.6784668
1.0192871
-3.414917
0.9063721
2.1087646
1.6906738
0.0366211
-1.184082
-0.7904053
-3.7445068
0.6500244
-2.1575928
-1.9744873
4.0924072
0
0
-13.9068604
0.5737305
-3.1402588
-0.5096436
-0.6652832
-1.0284424
-1.4404297
6.5185547
3.125
2.4780273
-3.1188965
-2.041626
-0.6408691
-1.4160156
0
-2.8442383
-4.7851562
1.0864258
2.0324707
-1.852417
-0.9216309
-0.793457
-1.8676758
3.5125732
0.4882812
-2.0233154
0.5187988
0.2655029
-2.34375
0.2349854
0.5187988
0.9918213
-0.1708984
1.4923096
2.5909424
-0.8972168
-3.2470703
0.5371094
0.692749
-1.2176514
-0.3326416
-0.7446289
1.3061523
-5.1818848
-0.0671387
0.4577637
-2.6428223
-0.0427246
-1.3183594
2.3345947
-1.739502
-1.9378662
4.8858643
-1.6693115
2.7313232
3.2348633
-3.0883789
0.378418
-3.5705566
2.6184082
3.7445068
2.8839111
-3.3050537
-5.6640625
3.8024902
-0.8666992
1.4923096
-0.1800537
-0.5615234
1.7028809
1.953125
1.5045166
-2.3040771
-1.1810303
2.7099609
0.604248
1.1505127
0.1251221
0.0915527
-2.3925781
-0.3051758
1.2115479
3.7567139
3.0548096
0
0.3173828
2.6824951
-0.9033203
0.6011963
0.2044678
0.9552002
1.6052246
0.9246826
1.7700195
-1.9592285
-3.1555176
3.2714844
0.2716064
-0.5645752
0.8514404
0.4852295
4.9438477
-2.9174805
5.5511475
0.2349854
-1.1444092
4.2938232
0.390625
-2.1057129
-4.9682617
-2.9754639
2.2094727
0.4974365
4.7180176
0.4943848
2.532959
-0.5340576
-0.9552002
-5.7342529
-3.4301758
-3.8574219
-1.2664795
3.1280518
0.289917
-2.1850586
-5.859375
-2.7374268
2.3803711
-0.8911133
-0.6408691
2.3651123
-0.0061035
-0.2929688
1.6876221
-0.5889893
-0.402832
0.7141113
3.4179688
1.3275146
29.119873
-1.3183594
-0.4058838
-0.7110596
-0.402832
0.5371094
0.201416
0.1708984
2.7801514
0.7843018
0.7019043
-8.4381104
-0.0579834
0.4302979
4.1168213
0.012207
-1.3946533
2.0355225
-0.3112793
1.4465332
0.3845215
0.4486084
-0.5462646
-0.3601074
0.5889893
0.9277344
-1.9439697
-1.5075684
0.4699707
2.3590088
1.5258789
-1.2298584
-1.3793945
0.9063721
0.6225586
1.0986328
-1.5289307
3.5247803
-4.0710449
-3.9855957
-2.8747559
0.2929688
-1.2542725
-2.0904541
-4.510498
-0.4669189
0.112915
21.295166
4.699707
0.6103516
0.4211426
-2.1728516
-0.5706787
-1.1535645
-0.5218506
-2.5085449
1.1657715
-1.3427734
0.567627
5.267334
0
0.2319336
-2.0080566
3.2104492
-0.1586914
-1.5380859
1.3671875
-1.7211914
0.5401611
0.3692627
3.62854
0.8758545
-0.9552002
-0.2349854
-2.1697998
-0.6530762
0
-4.9133301
-1.1779785
4.5135498
1.6174316
-2.0904541
-4.6875
2.4383545
3.8421631
-6.5460205
1.7883301
-0.5554199
4.7943115
-1.4434814
0.970459
1.2512207
-5.456543
-3.9489746
0
-3.8269043
0.5950928
-2.0507812
-0.3143311
5.2001953
4.977417
0.958252
-2.4627686
0.5645752
-0.9338379
0.1220703
-0.5157471
2.0141602
0.4638672
2.9571533
-0.1159668
-0.5249023
2.1728516
-3.314209
26.5563965
-2.1026611
1.1810303
-1.7242432
-0.6317139
0.9155273
0.2685547
-0.088501
2.0477295
1.4556885
-1.2359619
-5.5480957
-6.7840576
0.4302979
0.2197266
2.0629883
-1.4556885
0.5126953
-0.1037598
-1.9592285
-1.3397217
0.5401611
0.4302979
1.5991211
-0.3204346
1.1291504
8.8500977
5.9814453
1.0894775
-1.5014648
-0.5340576
-0.6958008
1.3336182
1.6021729
1.0986328
0.7476807
5.4016113
-4.3365479
10.1379395
0.2838135
-2.8045654
-1.0375977
-5.8959961
1.5075684
-1.4404297
-6.8786621
-1.2054443
-1.5899658
3.3599854
-2.5695801
0.7049561
-0.2288818
1.4373779
0.1220703
-1.3031006
0.2868652
-2.8808594
-0.3936768
-0.8911133
-0.9124756
0.9399414
0
0
0
-13.2232666
3.9337158
1.3092041
-1.6479492
0.6347656
0.2441406
-5.0262451
-3.125
3.3111572
2.6367188
5.2124023
4.8614502
-5.758667
-1.4953613
0.1586914
4.6447754
3.6682129
5.682373
2.8442383
-0.6317139
-0.100708
-2.0568848
1.6937256
7.0251465
2.8778076
5.1269531
-0.7324219
1.5014648
-1.5594482
-2.1362305
-2.4749756
0
0
-4.9743652
-1.4587402
0.213623
3.7475586
-1.0498047
-0.2929688
-1.5136719
2.1331787
-0.4333496
-0.6713867
-1.0498047
2.8106689
-1.9592285
-11.328125
-1.8951416
-1.2542725
-2.4536133
0.7446289
5.5114746
-0.6072998
0.2044678
0.1220703
0.8117676
-0.8148193
-3.1005859
-1.0528564
-0.8758545
0.1556396
5.2001953
-1.0681152
0.9979248
3.8452148
-4.8400879
0.5981445
3.0670166
0.8911133
2.6733398
-0.5218506
-0.6866455
-0.0823975
0.958252
1.2329102
-3.0670166
1.739502
0.0152588
-0.4943848
-0.201416
-1.9592285
1.739502
-2.557373
-0.1831055
0.7720947
0.1739502
-3.805542
8.5510254
1.1169434
1.1505127
6.8511963
8.3526611
3.8604736
-4.776001
4.5562744
-2.8076172
4.5593262
3.0334473
0.1556396
-1.864624
-0.9155273
0.8026123
-3.1646729
-1.4678955
5.6243896
-4.0893555
0.302124
-2.5177002
4.5562744
-1.071167
-2.9632568
-0.112915
0.8148193
-1.0559082
3.137207
0.6988525
0
0
-1.6052246
-8.8470459
-2.2003174
-1.2176514
1.9378662
5.7647705
-0.088501
3.5339355
2.84729
-0.4974365
-0.579834
0.9887695
0.8148193
1.1352539
0
2.1392822
5.0964355
-0.9765625
6.4331055
2.6367188
1.3946533
0.5706787
7.6873779
9.9761963
0.2288818
2.935791
-0.9185791
-2.4810791
-1.4068604
0.2258301
1.3366699
-1.3061523
0
0
5.2764893
4.3029785
4.0344238
-5.0354004
-3.918457
-0.0396729
0.189209
-2.2735596
1.2878418
-5.0537109
-4.8156738
-7.0648193
0.7598877
1.6906738
0.2349854
13.6199951
2.456665
-2.8137207
1.8951416
-0.3601074
-3.1311035
-0.9338379
0.3265381
-2.8381348
-3.4881592
1.5441895
-2.5970459
-0.1953125
2.4749756
0.0915527
2.9449463
-2.8930664
-7.0831299
-0.1556396
0.1922607
-0.1953125
-2.923584
-1.7852783
-1.473999
1.171875
-0.4058838
0.9277344
2.6763916
4.4952393
0.479126
0.4455566
-1.8859863
1.1474609
1.071167
0.3234863
-1.0253906
-0.0671387
0.2044678
-0.1434326
-2.6153564
0.4394531
1.6662598
0.1953125
0.4486084
0.2655029
-0.27771
7.8826904
1.2390137
-2.6672363
-0.0976562
-1.7456055
0.3173828
2.8961182
0.6652832
-29.7149658
-1.6845703
1.5045166
4.1717529
0.0427246
1.0192871
1.1688232
-2.9937744
1.0040283
0.0335693
-1.7608643
-2.0172119
0.0671387
2.4597168
-3.1707764
0
0
-0.302124
-1.3763428
0.2868652
0.1159668
0.2410889
3.616333
-0.4577637
0.5310059
-2.2247314
1.5716553
-0.1861572
0.5004883
1.6265869
0
2.645874
-1.6937256
-3.1494141
1.1413574
-1.0345459
-0.8209229
3.024292
8.2519531
9.0057373
7.4829102
-2.2338867
1.2878418
1.8218994
-1.4373779
2.4230957
-3.9276123
-1.7822266
0
0.7995605
-0.6469727
-0.8361816
0.2990723
-0.9643555
-1.260376
2.8747559
3.6682129
-0.6591797
-0.8483887
0.4486084
-0.7568359
-2.0324707
-0.0244141
5.2215576
1.5625
1.5228271
3.4240723
-2.84729
2.142334
-5.2398682
-0.894165
-2.5054932
-1.9714355
-0.4425049
0.5310059
0.7385254
-1.2145996
0.6561279
1.2359619
-0.7629395
-0.6256104
-2.2705078
1.1688232
-1.2420654
-2.3040771
0.5889893
2.3406982
0
0.7843018
-0.6072998
-1.0559082
-2.0019531
0.8636475
1.9592285
0.2990723
-0.1831055
1.1383057
1.6784668
0.4547119
-0.9521484
1.6113281
-1.9348145
0.5767822
0.4302979
-2.7862549
-0.2319336
-0.604248
-0.2929688
-1.9958496
3.2531738
1.3427734
-3.2989502
2.0721436
0.1434326
0.9674072
2.9846191
0.9552002
-4.5532227
-1.6784668
-15.9515381
-2.0172119
1.5350342
3.5125732
3.1768799
7.2937012
-0.8636475
2.9937744
0.8209229
1.5563965
-1.8005371
-5.4992676
2.6184082
-1.2207031
0
0
0
3.9581299
-3.5400391
3.1402588
3.1494141
0.6225586
-3.8787842
0.6225586
1.9134521
0.2990723
0.8087158
-1.7364502
-0.4943848
0.1373291
2.9144287
0
-0.0579834
-1.9744873
3.6499023
-10.1867676
-3.2623291
1.8737793
1.4007568
-2.2247314
-5.2246094
-5.8380127
3.7719727
0.3692627
1.6937256
-0.0793457
3.213501
1.1627197
1.4129639
-0.3448486
-4.4342041
0.4058838
3.8085938
2.5878906
4.0252686
-0.6896973
-0.1617432
-2.1331787
-2.6519775
-0.1281738
0.0488281
-4.5318604
-0.7995605
-0.7049561
-1.0162354
-0.7995605
-0.1617432
3.4057617
1.5075684
1.3549805
0.1495361
0.3692627
-0.1190186
-2.6306152
-1.9165039
4.107666
-2.6763916
-0.5584717
-0.8270264
-2.6062012
0.0152588
0.8026123
1.1016846
-1.3153076
1.5319824
1.5899658
0.6744385
0.5310059
1.8981934
0.2563477
0.0671387
-1.7120361
0.0488281
0.3967285
0.5462646
1.3580322
1.0314941
2.5177002
0.4943848
-0.1983643
0.6378174
-1.0406494
-2.9846191
1.4404297
1.9256592
-1.6296387
-0.7324219
0.3112793
-1.5258789
0.3631592
0.3814697
8.3312988
6.8878174
-7.2967529
4.7821045
0.2502441
0.6866455
0.982666
-6.137085
-8.6029053
-6.3446045
0.2929688
2.456665
0.7141113
0.8453369
1.4282227
-0.4425049
0.3387451
0.5859375
-7.1411133
4.3609619
-1.5411377
-9.161377
0
0
0
10.3790283
0
-4.6386719
3.6010742
1.5716553
-3.6621094
-3.6529541
2.4536133
0.4241943
3.2989502
-5.166626
0.0183105
-1.28479
0.6652832
-0.0091553
-6.9458008
0
-1.7333984
1.5625
1.05896
-6.7779541
-5.1574707
-7.2662354
-0.5371094
2.3651123
-7.8033447
-1.0253906
0.7202148
-0.592041
-1.8707275
0.78125
3.5461426
0.0732422
-0.3845215
0.0946045
1.4160156
0.0518799
1.0620117
-0.4302979
2.4993896
-1.1199951
-5.456543
-2.3834229
0.5615234
5.581665
1.4312744
0.9185791
-0.1678467
-6.7626953
3.0090332
1.7181396
-2.4963379
-3.2592773
-0.9521484
-2.2857666
1.0498047
4.1717529
2.5482178
0.3448486
1.3885498
-1.3000488
1.4465332
-3.024292
2.633667
-1.550293
-0.592041
0.0823975
1.5563965
-0.6835938
0.4608154
-0.5859375
1.2756348
0.881958
-1.8218994
2.4993896
-0.8270264
-0.4577637
-1.3275146
0.9338379
-0.3540039
1.6601562
1.7913818
-2.2216797
1.1444092
0.112915
-2.4719238
0.8789062
0.0518799
-0.970459
0.0366211
-0.9643555
0.8636475
-1.6845703
-0.1434326
20.6787109
6.451416
-1.1749268
7.7484131
-2.6916504
-3.7414551
10.3271484
-1.1169434
-0.2807617
2.34375
-11.895752
-3.5064697
-1.3885498
-2.2735596
2.6367188
1.6265869
1.1169434
-13.6322021
7.1258545
-2.4688721
-3.3874512
-1.9439697
0
0
0
0
26.2329102
-3.0670166
-1.763916
-0.1159668
-2.2766113
-12.5305176
-3.0853271
5.847168
-2.8167725
0.5065918
3.1982422
1.0650635
0.3173828
2.5848389
5.065918
0.1159668
-0.2655029
-9.6710205
-2.0507812
-2.923584
1.2176514
-1.1749268
-1.1901855
-0.5889893
-0.1342773
10.2508545
-0.1617432
-4.2816162
-2.8289795
-1.0162354
-1.2756348
-0.7537842
1.9256592
0.1251221
-0.1312256
-0.0427246
0.0335693
3.1219482
-2.1026611
-1.5655518
1.9989014
-3.0517578
-6.3934326
-6.1035156
6.1828613
-0.6347656
-0.6561279
-2.5634766
1.4129639
-0.0152588
1.6937256
-2.4688721
-2.9754639
-0.8636475
-2.6794434
-1.0009766
1.3153076
0.0488281
1.3519287
-2.3803711
-1.1413574
-2.1697998
-1.2145996
-1.3305664
-0.2624512
-1.8280029
-0.5126953
-1.071167
2.6153564
0.6164551
-3.3477783
-1.9470215
1.473999
3.2775879
2.230835
-2.722168
-0.6744385
-0.4699707
1.9836426
-0.3234863
-0.668335
1.3214111
-0.5126953
0.0976562
-0.3814697
0.6500244
-1.1505127
-0.5950928
3.5919189
-1.1932373
-2.6092529
19.1375732
3.2806396
-9.5153809
-3.1738281
1.5991211
1.4465332
-3.4118652
0.7537842
-1.3458252
1.7303467
-0.5187988
0.982666
-6.7016602
5.1727295
0.9094238
0.0762939
-1.171875
4.083252
-1.5045166
0.8880615
1.4251709
0
0
0
0
0
0.5889893
1.5136719
-0.0183105
1.4465332
-2.6763916
-3.6376953
-3.2470703
7.3150635
-0.6591797
6.4361572
1.7059326
1.1260986
0.6103516
-0.4882812
0.4333496
1.2298584
-3.793335
2.1209717
0.7110596
1.7425537
2.8015137
0.7141113
5.3985596
-1.4648438
1.8432617
-1.2451172
3.0914307
1.7547607
0.9643555
0.8758545
0.4241943
0.3143311
-2.5268555
-6.5032959
-1.7272949
2.1057129
2.0019531
2.7832031
2.2338867
0.5767822
-1.6540527
-4.5623779
-3.8818359
-7.8643799
-2.4627686
2.8320312
-0.982666
-1.2359619
0.402832
-0.1312256
-2.6519775
2.4230957
1.1413574
-0.4272461
3.0914307
-0.2288818
0.9857178
-2.3162842
-1.3061523
0.5218506
-1.1657715
0.213623
3.1433105
1.9134521
0.982666
-0.3448486
-2.4291992
-0.9094238
0.6103516
0.6469727
0.7141113
0.2563477
1.2329102
-1.2542725
-0.4608154
0.0976562
-0.9002686
-2.4078369
-2.3223877
-1.3122559
1.8035889
1.4343262
0.6561279
-0.1831055
0.970459
-0.8270264
0.2746582
0.3753662
-0.3173828
3.8024902
10.5895996
1.0650635
2.0263672
1.1291504
-0.6713867
-9.576416
3.1555176
-0.7629395
1.2390137
-0.9613037
-1.361084
14.5782471
2.5634766
2.0385742
-0.6866455
-2.8442383
0.0091553
-2.4261475
-0.7324219
1.4678955
-0.5096436
-3.9123535
-0.8056641
0
0
-0.4699707
0.5584717
-0.5828857
-1.1169434
-1.4160156
0.2288818
0.3204346
-2.7893066
-3.0639648
-1.2237549
0.3723145
1.2512207
5.2154541
2.6245117
-0.7141113
3.3355713
-0.4180908
2.06604
0.9002686
3.4423828
-0.1220703
-2.8015137
1.9989014
-7.4462891
-0.8117676
13.2629395
-3.9001465
0.3967285
-0.9429932
-3.4057617
-3.0761719
-2.1270752
-2.4078369
0.4974365
-0.2807617
-2.0690918
0.0061035
-2.7740479
-0.9613037
-1.3214111
-2.923584
-1.751709
1.5411377
-0.6103516
-0.3814697
4.4830322
0.4943848
-0.2655029
0.8575439
-1.1047363
0.0701904
1.0925293
-0.5493164
-1.1352539
0.0152588
0.0030518
-0.3082275
0.6561279
-0.4577637
-0.088501
1.9714355
-1.3153076
6.2408447
-0.1373291
0.4699707
0.390625
-1.1779785
2.0751953
6.52771
1.1779785
0.1464844
0.2410889
-0.8392334
-1.9439697
-0.6469727
0.201416
0.3601074
-1.2084961
-0.9765625
0.3326416
0.3601074
0.6225586
0.4547119
0.1434326
2.1057129
-0.0030518
-0.8117676
-0.2075195
-0.3387451
-11.4654541
-0.0457764
-0.5767822
-0.1678467
2.1362305
0.0701904
-0.2380371
-2.1697998
-2.0843506
1.6479492
-2.8808594
4.6447754
2.1728516
-0.0823975
-4.9316406
3.3447266
1.5289307
1.4953613
-2.6611328
0.4882812
0.6439209
-2.5604248
2.5909424
0
-1.4160156
-0.0549316
5.9234619
6.0638428
-0.6408691
3.9428711
-1.9989014
-1.8341064
-1.4160156
2.6306152
3.5644531
2.8564453
0.5523682
-4.4647217
-2.3742676
4.6234131
1.1138916
-1.4221191
-0.2471924
-2.0111084
-3.1707764
0
1.1810303
-0.4943848
0.6469727
-1.083374
1.4129639
0.2441406
0.3448486
4.1381836
4.5593262
0.1556396
-2.4108887
1.2451172
1.5686035
0.8850098
5.380249
-1.2634277
1.763916
0.9399414
0.100708
0.201416
2.3590088
-5.0323486
1.2451172
2.7801514
0.5096436
0.9063721
1.953125
0.4821777
0.4150391
1.3458252
0.0518799
-0.1831055
0.201416
-1.171875
0.3204346
-1.0742188
3.9703369
2.6855469
0.5157471
-1.0925293
-0.0183105
0.5554199
0.6195068
0.27771
1.9836426
-1.2145996
3.6376953
0.6286621
0.4638672
-1.4862061
0.970459
-0.2227783
0.2502441
2.5878906
-0.0854492
-0.9552002
2.2674561
0.1373291
-1.071167
-1.4068604
0.189209
0.7507324
0.680542
3.3691406
0.4089355
-0.1068115
-2.3468018
2.9083252
-34.9060059
2.0141602
-0.9613037
3.1402588
0.9277344
-2.0019531
-5.1330566
-0.0152588
-7.7301025
0.9979248
8.1787109
2.6184082
0.4272461
2.8442383
1.6418457
-0.9124756
-0.4730225
1.2145996
2.5848389
-1.0406494
-3.0456543
-0.3692627
-1.2756348
0
5.557251
0
-0.5706787
-1.3824463
-2.9327393
-3.2073975
-1.9134521
-2.9174805
0.4333496
0.6835938
0.4364014
2.0599365
10.8001709
-3.6560059
0.4608154
-1.4251709
-0.1190186
-0.6988525
0.3875732
-0.0396729
-3.2867432
0
1.9256592
2.7313232
2.0996094
6.7504883
8.3190918
-3.6956787
-2.7984619
-4.0924072
-4.1900635
-0.9979248
0.7019043
1.3153076
-1.3305664
-1.461792
-2.2369385
0.5432129
-2.5787354
2.2949219
3.9642334
-1.373291
5.1086426
-0.6286621
5.97229
0.9155273
2.746582
2.1820068
-0.8544922
0.4608154
-4.7241211
0.8087158
1.083374
-5.6671143
0.177002
2.6428223
-0.3692627
2.7008057
0.2075195
-1.8585205
1.651001
-36.7675781
-0.5767822
-1.1535645
-1.0437012
2.0355225
1.3885498
-6.149292
-1.3336182
0.7537842
-1.0803223
1.8920898
2.5878906
1.3916016
0.3143311
1.159668
4.6234131
-1.5258789
-7.6873779
0.7751465
-2.142334
1.6448975
4.0679932
0.9155273
1.8432617
3.0487061
0.1983643
-34.4970703
-1.2115479
-0.8758545
-0.0488281
-1.373291
-0.8575439
-2.3956299
-9.2834473
3.6895752
-14.3859863
-5.7373047
0.4058838
2.734375
2.0111084
4.3518066
-2.4017334
0.8636475
-1.1688232
-1.3183594
-0.6622314
1.9378662
-7.9925537
2.734375
-2.5665283
-0.9552002
0
0
0
0
0
-1.2878418
0
0
0
9.1400146
1.4953613
11.5081787
9.4055176
1.8249512
-5.8898926
0.3509521
3.7750244
-5.1452637
2.0507812
5.166626
-0.881958
0
1.940918
-1.4801025
-0.1525879
2.2857666
1.4953613
2.3010254
10.1837158
-1.4984131
1.3000488
-8.3251953
0.7598877
-0.8575439
-7.4951172
-9.5367432
-1.449585
1.6906738
3.1066895
1.9073486
2.3345947
-1.0681152
-2.0629883
3.2562256
-1.7822266
-1.0253906
-3.6071777
0.2441406
3.2836914
-1.7150879
4.2053223
-0.894165
-0.1464844
1.8585205
-3.7109375
0.100708
0.3509521
-0.0030518
-1.3702393
-0.769043
0.8422852
-0.4638672
0.8483887
-8.8928223
0.793457
-0.6469727
3.4912109
3.1311035
0.7263184
2.2979736
1.0894775
-1.5960693
-0.7385254
0.0610352
-0.0518799
1.7364502
0.4974365
3.5827637
0.3326416
0.6988525
2.4169922
0.8789062
-1.0437012
0.2929688
1.0772705
-0.7080078
-2.6763916
0.3540039
0.402832
-1.751709
0.8117676
-0.3845215
-0.8117676
-1.675415
2.7862549
1.0528564
-1.6448975
-3.1616211
-2.520752
-0.4058838
-0.3051758
0.592041
0.2197266
-1.6265869
0.50354
1.4587402
2.5177002
-1.5838623
-2.1972656
1.1535645
0
-4.8706055
2.3712158
0.5340576
0
0
-1.3214111
0.2471924
6.0333252
0.1342773
0
4.699707
3.7017822
-0.5523682
-0.0274658
-0.7141113
4.6600342
2.2979736
-0.9338379
-2.5726318
1.7791748
0.7659912
0
-0.3875732
-6.2591553
-2.545166
-2.0477295
-6.5032959
6.9732666
22.0947266
-1.4648438
3.2714844
-5.9417725
5.0872803
-1.8218994
-0.7446289
-10.3515625
-6.9061279
-8.291626
-2.3651123
0.3753662
1.4923096
8.7677002
-1.953125
3.1585693
-1.3549805
3.1280518
2.1118164
1.3427734
-1.2451172
0.2990723
-0.0213623
1.3549805
0.8575439
0.3662109
-0.8056641
-1.0864258
-0.2655029
-2.1911621
1.8859863
-5.569458
1.8432617
5.4656982
0.9552002
7.5897217
8.493042
6.552124
1.6204834
2.0111084
1.6418457
0.5187988
1.1566162
1.2512207
2.1820068
1.940918
1.3244629
-0.3845215
0.8544922
1.2969971
-9.1186523
0.7049561
-6.2683105
0.4089355
-1.1077881
-3.6193848
1.071167
0.5889893
3.4637451
-0.2746582
0.5310059
-0.668335
0.5371094
-1.6693115
-2.130127
-0.5065918
-2.7526855
-3.4667969
-9.0484619
-3.9581299
-1.9622803
1.1566162
-2.6489258
1.9866943
0.2746582
-0.5218506
-1.4007568
7.6904297
-0.4516602
1.1413574
5.9692383
-4.1595459
3.5491943
2.3254395
-1.0070801
-3.1555176
-0.4058838
2.8015137
4.9468994
0
-17.376709
3.2989502
-3.0334473
1.2695312
5.3222656
-0.1098633
-10.1348877
-7.9589844
0.1617432
7.8704834
-8.416748
-8.9019775
0
0.3295898
-1.6662598
0.5737305
5.2703857
-0.3692627
7.131958
-3.5827637
6.262207
-2.5390625
-1.2359619
2.1697998
-11.6516113
0.302124
1.1444092
-4.196167
0.769043
0.869751
-1.4953613
0.6530762
0.0640869
1.184082
-0.7049561
-5.8685303
1.4556885
-9.6435547
-0.9216309
2.9418945
6.1859131
3.5644531
-3.8970947
0.8361816
1.1199951
-0.8728027
-0.793457
0.2624512
2.8900146
-1.0375977
-1.3916016
1.1077881
1.4770508
0.2624512
-0.9979248
0.4150391
1.9042969
1.5014648
-0.2044678
-1.2268066
3.2073975
0.3570557
-1.2237549
1.1108398
-2.4047852
0.3112793
0.3692627
2.2064209
-7.3699951
-12.310791
-0.088501
1.852417
1.0253906
0.2197266
-1.8859863
1.6357422
0.958252
-1.7456055
0.8453369
-3.5583496
0.2624512
4.284668
-1.8951416
-1.6143799
0.2441406
-2.4749756
2.1087646
-1.1352539
-0.982666
-3.8818359
-1.7944336
1.5045166
1.0253906
5.8074951
-1.7120361
-2.8106689
4.1717529
1.7791748
-3.4942627
3.1646729
-0.2807617
0.9094238
12.5823975
-1.9592285
3.9764404
5.355835
-3.5919189
0
5.1239014
-3.6407471
-0.6713867
1.2512207
2.9876709
-3.1097412
1.3824463
0.0823975
6.2561035
-0.1739502
3.1463623
-1.3885498
0
5.3314209
-0.5523682
-0.0823975
-2.0294189
-2.0812988
-0.0854492
1.1047363
-0.6286621
-1.4709473
-2.0843506
-1.7150879
3.8452148
-0.9490967
-4.1442871
-3.125
-3.8452148
-0.5279541
-0.2960205
2.8625488
1.1566162
-1.1352539
0.3875732
-0.0274658
-1.8188477
0.3540039
0.1434326
3.8330078
0.1953125
-4.5684814
-2.6245117
2.5115967
6.060791
-0.9918213
-4.5928955
3.7872314
2.722168
1.9561768
-0.7904053
3.5003662
1.0009766
1.1749268
-0.1068115
0.9307861
-0.6744385
-2.230835
-2.4536133
1.9226074
1.4862061
-1.574707
-2.6000977
-2.4169922
0.9674072
-2.1728516
-0.8483887
-1.3031006
2.3895264
1.4312744
1.5411377
1.2664795
0.680542
-0.289917
0.1403809
-0.8453369
-3.3721924
0.1190186
-2.0965576
-2.0294189
0.100708
-2.911377
-1.260376
-3.2836914
-1.1444092
-1.7791748
-2.545166
-1.5167236
1.965332
0.3601074
-6.362915
2.1942139
3.1280518
0.1495361
0.2288818
-3.2806396
3.1799316
-1.8218994
1.7730713
-10.1867676
9.173584
-1.2695312
-5.3161621
-0.6591797
-0.5889893
0
-1.461792
0.0488281
4.8431396
0.0488281
-3.717041
-2.1209717
0.5462646
-1.1138916
3.8146973
1.7150879
-0.6195068
3.0944824
-3.7536621
-0.6652832
-2.4841309
-2.331543
4.2572021
-4.6691895
1.0101318
4.8583984
2.5024414
0.6988525
-1.6479492
2.62146
1.2481689
1.5625
-1.9927979
-2.9846191
0.7843018
-1.3916016
0.2044678
1.6204834
0.5859375
-2.9418945
-3.5675049
-3.7445068
-1.9805908
-0.0946045
3.6468506
2.7191162
3.302002
2.2979736
3.1097412
0.7720947
-1.3122559
-0.5187988
0.9765625
1.5930176
-1.1291504
-0.3753662
1.3549805
-1.0498047
0.5462646
-0.0976562
1.1688232
-1.6204834
0.0335693
-0.567627
-1.2939453
0.1220703
0.5615234
-0.8605957
1.6418457
-0.2655029
1.1474609
0.6500244
-7.5775146
-0.1617432
0.0274658
0.3936768
-3.3081055
0.1861572
0.0061035
0.9185791
-0.2471924
-2.6031494
-2.6855469
3.2226562
0.2044678
-1.4190674
0.7781982
-1.5625
-0.1861572
-0.9246826
-0.7110596
-0.1220703
-2.9205322
-6.4086914
2.5909424
3.0761719
6.2835693
0.5004883
-3.7872314
-6.2591553
0.7995605
1.2390137
2.3742676
2.3193359
-0.100708
-1.6601562
-5.6304932
-6.8206787
0
-22.0336914
1.3824463
1.9287109
1.5655518
-0.2227783
5.6732178
-1.9561768
-3.012085
-2.7160645
5.8959961
0.5096436
1.1444092
1.4770508
-0.7659912
0
0.5157471
-1.3092041
0.4333496
-7.4066162
0.4272461
-7.6843262
2.4230957
-2.1911621
-6.1706543
1.4373779
-4.498291
1.3244629
-3.414917
-0.0457764
0.6317139
1.0772705
-0.2227783
-1.2908936
0.9155273
-1.0162354
-1.3427734
-1.7730713
-0.3173828
-1.3824463
-0.5371094
-2.9449463
-0.2258301
-0.7629395
-1.6418457
1.6815186
1.2634277
-0.491333
1.9378662
-2.4688721
0.5767822
-0.4516602
0.189209
-1.0864258
-0.4486084
1.1016846
0.1556396
0.7965088
-1.852417
-0.4516602
-2.1697998
0.0213623
0.012207
3.1280518
-0.7568359
1.1810303
0.3173828
13.28125
-0.8789062
-1.28479
0.2197266
-2.5421143
0.6561279
1.6479492
-1.2512207
-0.982666
0.3723145
-0.4241943
-1.675415
0.0427246
-1.3519287
-0.0213623
3.6560059
1.5075684
-1.2573242
0.7232666
-0.4150391
-0.0854492
0.6591797
-2.9205322
-1.9775391
2.9968262
1.8066406
1.2329102
2.6947021
1.3793945
3.3233643
1.5869141
-5.9906006
0.4669189
-1.6601562
-5.7769775
0.2349854
-2.2827148
0
-8.5144043
-0.2288818
-4.1992188
0.0518799
1.7791748
0.8514404
4.788208
-1.2878418
-1.675415
3.1555176
-0.6103516
-0.9094238
2.8198242
0
-1.9378662
-5.9875488
-2.746582
-1.6296387
-2.7648926
-3.7231445
-4.5135498
-1.9104004
-0.2685547
1.5472412
-2.722168
0.8361816
-0.8911133
-1.184082
0.3082275
2.2918701
0.9490967
7.434082
0.5828857
-0.0213623
0.2532959
1.1779785
-2.6306152
0.5828857
-0.390625
0.8422852
0.3997803
-1.0284424
2.1759033
1.8859863
0.2868652
-1.6693115
0.0823975
-1.8310547
-0.1617432
-0.0152588
-0.6225586
-0.0274658
-1.6693115
-0.0610352
0.3265381
2.2979736
-0.4516602
-1.5991211
-1.1199951
1.5319824
0.9796143
0.3448486
-0.0579834
-2.06604
-9.463501
0.4211426
-0.1068115
3.1005859
-0.0366211
0.6835938
-1.6113281
0.8850098
-0.6500244
-0.3936768
-0.2624512
0.4211426
0.491333
1.0498047
-1.6204834
1.3427734
1.5380859
2.06604
-3.6468506
-1.7547607
-4.1290283
-3.5858154
2.5970459
1.7272949
3.1524658
7.1533203
3.8848877
0.4943848
8.3587646
4.6295166
-0.7873535
-0.8331299
0.3814697
-0.982666
-5.1300049
1.1535645
0
4.208374
-4.1503906
13.2171631
0.5828857
4.9865723
2.9693604
0.3692627
-7.0373535
-7.5134277
-5.6793213
-3.3569336
4.2724609
-13.0157471
5.6610107
-4.8522949
5.2307129
3.326416
0.4272461
-0.0549316
6.7810059
0.2349854
-0.6225586
0.1190186
-0.5767822
-0.78125
-0.2319336
0.4943848
0.3570557
-1.1322021
2.7526855
-1.1322021
1.0162354
-1.84021
3.2592773
3.1707764
1.739502
7.8063965
1.9897461
3.0609131
0.6286621
0.2166748
1.4770508
-3.5247803
1.3000488
1.9378662
0.0274658
-1.5625
-1.9744873
0.5889893
0.0732422
-0.8056641
0.1556396
1.5594482
3.302002
-2.0843506
-0.8117676
0.3387451
2.6611328
0.7324219
-0.4760742
0.6134033
1.1016846
14.3951416
-0.6378174
0.302124
-2.8289795
1.1474609
-1.8493652
-1.2695312
1.0345459
2.7557373
-0.7232666
1.1779785
-1.1047363
-0.7873535
0.6988525
-9.979248
0.4150391
-0.177002
0.4943848
4.196167
-2.5543213
-3.4118652
1.8127441
-3.5736084
-0.8392334
0.5218506
-0.9429932
-2.8045654
-2.4108887
2.0935059
-0.8300781
-4.7607422
2.6672363
2.1209717
-4.5837402
-0.0183105
-0.491333
16.696167
0.0061035
0.6408691
-1.9836426
5.6549072
-3.6590576
0.6561279
5.3405762
10.8612061
3.3630371
-1.1016846
-5.1116943
-9.4970703
8.013916
-1.4648438
0
7.8216553
-14.1815186
6.0028076
4.7210693
-3.0853271
5.6152344
-12.0819092
6.2042236
5.291748
7.8338623
2.2399902
-1.1657715
-10.4980469
-3.2836914
-0.9277344
-6.5856934
0.9674072
-1.4923096
5.8410645
0.0640869
-5.3009033
22.4365234
3.9093018
-2.3498535
-2.5726318
-0.0671387
-1.3305664
-2.142334
2.9144287
-3.2165527
-0.2471924
0.4455566
-0.7446289
-1.7028809
0.100708
-2.8839111
-2.6367188
1.1901855
-0.1617432
-1.739502
-0.9643555
0.1464844
1.1627197
0.0152588
0.1190186
2.6702881
0.1434326
0.1434326
1.6845703
-0.1098633
-1.5686035
-1.5167236
-1.5197754
0.692749
-1.5319824
-1.4526367
-0.6744385
-0.6195068
0.5737305
-2.230835
2.7954102
-0.881958
0.7354736
1.3916016
2.2735596
0.2960205
-1.1474609
-0.7232666
0.4333496
0.9063721
6.2072754
0.8575439
2.06604
2.7130127
1.8768311
-4.0740967
-1.28479
0.4699707
-4.7302246
-1.8310547
1.0345459
-3.7139893
2.5360107
0.6011963
-1.6387939
-2.1697998
-9.8358154
74.2706299
-2.6641846
-0.3112793
1.9744873
2.5146484
2.0690918
5.4443359
3.213501
0.4760742
-1.1627197
-0.3875732
-23.6419678
0.3143311
0.3326416
-3.3172607
3.9703369
-3.692627
-2.3406982
3.8726807
14.8712158
-0.4516602
-1.8066406
-5.0415039
2.2888184
-2.0050049
15.2648926
-1.2878418
5.7189941
-0.4608154
-0.1098633
-1.5991211
-3.6804199
2.3071289
5.1544189
4.5471191
-1.3519287
1.4068604
-0.2746582
-0.2319336
-0.4119873
-1.6723633
0.7629395
-0.8361816
-0.9796143
1.3366699
-1.6662598
-0.5493164
0.2471924
0.8911133
-1.7852783
-0.8300781
1.5838623
-1.4190674
0.6469727
0.6561279
-0.9552002
2.5909424
0.0793457
-0.869751
-0.604248
0.692749
1.5777588
-4.6813965
3.3294678
-1.5960693
-0.4882812
1.7425537
3.6560059
-0.5187988
-1.9592285
-1.2420654
0.8605957
2.3590088
-2.7801514
1.3641357
0.9277344
0.6011963
-2.4932861
-0.100708
1.5716553
0.2807617
2.0477295
1.2969971
-1.0498047
2.3406982
1.1413574
2.2277832
0.8422852
-2.5024414
-5.9356689
-0.9490967
3.4851074
-5.3619385
-54.7698975
-1.9775391
-1.9073486
-0.8514404
-2.9144287
1.4282227
-2.3590088
-4.7698975
-0.6774902
-1.5594482
0.491333
2.7862549
-0.3265381
-2.8839111
2.3376465
2.3834229
-7.2418213
-0.8239746
1.1566162
-0.7385254
-4.3395996
-1.4587402
-1.3275146
2.6397705
1.2817383
0.3173828
1.2573242
-6.8511963
5.657959
0.7171631
-5.0689697
-2.0935059
1.5533447
-2.1972656
2.5726318
-0.2471924
0.1617432
1.6662598
-0.0457764
-1.8890381
0.2319336
-0.6622314
-0.8911133
-2.6062012
0.8483887
-0.5004883
1.2817383
-0.7263184
1.4160156
-0.4821777
-2.6428223
-0.3509521
-1.5930176
2.0477295
1.2451172
-0.2563477
-1.5350342
1.2176514
-0.0274658
0.4455566
1.2420654
-2.8411865
2.4536133
3.2562256
3.9611816
-0.4821777
-2.645874
-2.3345947
-1.5930176
0.6561279
0.6744385
0.1098633
-1.0070801
2.532959
-4.18396
0.579834
5.5236816
-0.894165
-0.0701904
5.3894043
4.1809082
0.1403809
0.5462646
-1.5380859
3.237915
0.2868652
-0.567627
0.0793457
-0.9124756
8.2885742
-3.3752441
-12.3260498
-2.1392822
-1.7425537
2.6306152
0.1922607
0.8728027
-1.4099121
-1.0864258
1.8280029
1.2786865
4.7821045
-7.9040527
26.5228271
-5.9387207
2.8930664
8.7890625
-7.1044922
0
4.9041748
-0.5096436
3.3325195
-1.8737793
7.2967529
-0.5645752
1.5411377
-0.2319336
-1.1535645
1.9714355
-4.901123
-0.1525879
-6.8939209
-5.9906006
12.6251221
14.1235352
3.0334473
-1.6815186
-4.6630859
17.8253174
-5.5664062
-17.6239014
-0.5706787
-0.8575439
-0.390625
8.3831787
1.0406494
2.0874023
0.6317139
-2.9937744
-0.5187988
0.5889893
-1.4953613
0.1434326
-1.4587402
0.3845215
-2.6275635
-1.7944336
-0.3936768
-0.6744385
-1.1016846
-0.8605957
-0.3234863
-1.7303467
1.8157959
1.8310547
4.6417236
0.4455566
-1.9104004
0.6988525
-0.6378174
-2.8839111
-6.2347412
5.682373
-0.4425049
5.1727295
-6.5704346
-0.1098633
-8.0444336
14.0686035
4.800415
9.4482422
25.4638672
27.0874023
16.0949707
3.2867432
4.598999
0.4425049
-12.5640869
18.1854248
60.1043701
-2.6123047
-26.550293
18.0267334
-0.6286621
-4.5593262
0.27771
-0.6195068
0.2960205
-3.1433105
1.2390137
-1.2542725
0.0335693
0.4882812
1.4587402
1.9805908
-1.5533447
1.0437012
1.0528564
-2.3895264
4.9194336
-0.390625
0.5157471
-2.911377
1.5686035
0.7507324
-3.5949707
0.4882812
-2.6885986
-4.385376
-6.7077637
-2.7679443
-0.189209
0.1800537
0.0061035
8.2397461
-2.8015137
0.9429932
1.1871338
5.7525635
-1.2390137
5.6793213
-7.4432373
0.112915
-14.8498535
-9.9884033
-0.8331299
0.2349854
3.6071777
-0.7415771
1.5899658
1.0131836
0.2655029
-1.1413574
1.0528564
0.1098633
0.2990723
0.1098633
-1.6906738
-1.3885498
4.1442871
-1.5899658
0.2258301
-0.9643555
-0.1251221
-0.112915
-0.9063721
-0.4425049
-3.3569336
1.361084
0.3234863
-4.1259766
0.8544922
0.177002
0.793457
6.2316895
2.6092529
2.0996094
-0.012207
49.2004395
-5.1696777
-0.8331299
3.3050537
-3.604126
1.9592285
-7.6751709
1.4892578
0.2502441
1.1627197
-0.0213623
57.8063965
4.4433594
1.1779785
0.7568359
-5.1422119
-3.3508301
0.177002
-0.2929688
4.8583984
-0.0244141
2.3956299
-0.9033203
0.2197266
-0.5157471
-0.9613037
3.3874512
-1.0406494
-6.4880371
1.3946533
1.2664795
-2.3193359
1.7120361
9.2163086
0.994873
-2.9052734
0.1586914
2.7740479
-0.9674072
-0.4699707
-6.2194824
-5.1635742
8.6029053
-4.0374756
2.5848389
-6.8359375
-6.7626953
-5.1940918
-4.2236328
12.1520996
5.9082031
-3.5095215
0.6103516
-9.9365234
1.1505127
3.8269043
1.8463135
-5.2703857
-7.0587158
-7.0770264
-1.1352539
-2.2705078
1.9683838
0.6713867
0.2166748
3.3905029
-0.2716064
-0.4699707
1.5136719
0.9246826
0.1983643
0.7629395
0.3540039
0.7324219
-1.4801025
0.2105713
-0.7232666
0.4669189
-0.2288818
-0.0183105
0.2502441
-0.189209
0.8392334
-0.9307861
-1.3183594
-0.9735107
-0.7781982
-0.2990723
0.0793457
4.7637939
0.9094238
-0.0640869
-0.4943848
-1.4770508
-0.4821777
0.0854492
-0.9643555
-1.5991211
-0.3814697
5.6091309
-0.3509521
-81.918335
2.5085449
1.8341064
0.2441406
2.9022217
-0.6164551
-1.7608643
0.3753662
-0.1373291
-0.579834
-0.1159668
-0.567627
3.6407471
-1.9042969
0.9429932
1.1688232
-1.0040283
3.0151367
-0.0091553
4.1717529
-3.8269043
-1.348877
2.1362305
2.5848389
1.0253906
0
-2.0294189
-1.8371582
-0.5096436
-1.5777588
7.6782227
3.4484863
-6.4208984
-5.6732178
0.7232666
1.940918
1.7700195
2.7893066
1.0803223
-0.6439209
4.6295166
-2.4047852
5.2398682
-1.5319824
5.7952881
3.793335
-4.5959473
-1.8249512
-1.1444092
2.5482178
-1.1474609
-0.1434326
-0.088501
-0.1098633
-1.3336182
1.550293
2.5115967
1.5258789
-0.680542
0.3631592
2.3162842
-1.0131836
-0.1861572
-1.0772705
-0.0213623
-0.6103516
-1.0253906
1.373291
0.0427246
0.1190186
1.8554688
-1.3275146
2.2766113
-0.3509521
-19.7662354
-0.7568359
1.739502
3.515625
2.3956299
-4.7393799
-2.3040771
2.3956299
3.2287598
3.4210205
18.2342529
-3.1555176
0.4119873
50.5432129
-1.1810303
-2.5878906
-0.7263184
4.7119141
-1.9104004
-1.651001
-7.635498
-2.0935059
0.7720947
0.9002686
0.6439209
3.9642334
2.3345947
-1.4160156
3.3111572
-3.9459229
0.3540039
2.0050049
-0.3570557
-0.2105713
0.7385254
-2.7008057
-0.3967285
0.1922607
-0.1251221
0
-1.3580322
-2.0080566
0.1708984
6.0913086
-1.5045166
-1.4221191
1.171875
-13.2080078
4.6234131
1.5380859
-2.456665
-0.7843018
1.4373779
-1.3275146
1.0040283
-2.230835
-0.8880615
2.4597168
-1.2664795
0.9521484
-2.9663086
-3.8513184
-2.1697998
1.0406494
5.8227539
0.3601074
-0.4638672
-0.2319336
-0.8758545
4.083252
1.1077881
-0.5981445
1.8188477
-1.0070801
0.3204346
1.2207031
1.4678955
-1.9256592
-1.5075684
0.1800537
-1.0009766
-1.4831543
2.4932861
1.1322021
-1.7913818
1.9989014
2.0904541
0.0762939
-0.8453369
5.6854248
-4.3365479
-6.8817139
-6.4331055
-1.5960693
-3.2073975
1.171875
-11.026001
-1.2634277
1.6906738
27.0141602
1.1810303
3.0090332
-5.2276611
-3.6529541
-4.2572021
-1.272583
-0.6439209
-3.7902832
-1.9042969
-0.0457764
-2.5421143
-2.4688721
0.9246826
0.0427246
0.3295898
-1.6540527
0.1586914
1.9744873
-0.5554199
0.6500244
0.9063721
-1.2268066
-1.965332
-2.7832031
2.3498535
-0.0976562
3.0151367
5.3741455
2.142334
-5.7617188
1.2176514
0.6347656
3.5522461
-0.7049561
-10.5804443
-0.680542
3.3172607
-2.4291992
1.6326904
3.9916992
0.6317139
8.7463379
5.4962158
-22.4151611
-4.4311523
-11.6333008
-0.2380371
2.8656006
0.8209229
-0.5462646
-0.2197266
5.5877686
0.1068115
8.4350586
0.6286621
1.0223389
2.130127
1.5899658
-0.3723145
1.385498
-3.2958984
-0.4669189
1.852417
0.2563477
1.1077881
1.2939453
-1.1749268
-0.9490967
2.06604
10.1348877
3.427124
-2.6123047
1.9958496
4.6691895
-0.4760742
-2.4200439
-0.6561279
-2.2766113
1.2878418
0.1495361
-2.4383545
-0.9307861
-0.5310059
21.1914062
-0.7263184
-0.9918213
-0.7141113
-6.2408447
1.6174316
-0.2532959
-5.4412842
-1.260376
1.9317627
-0.9368896
1.9073486
0.7354736
0.3845215
0.3082275
-0.2960205
-0.4669189
-1.3671875
-2.3040771
-1.1108398
0.7263184
-0.3448486
0.0701904
0.7476807
-2.5268555
-0.6286621
-1.3763428
-9.5703125
0
4.0344238
-1.6021729
-1.9775391
2.4200439
6.3476562
-4.0283203
-0.5340576
-5.1849365
-3.0761719
-0.1434326
-0.50354
2.1881104
3.024292
-1.651001
-11.0992432
2.4597168
-5.5511475
0.3448486
-4.7058105
2.0263672
-0.3326416
-2.1942139
-1.4862061
-0.2716064
5.2032471
3.3447266
0.3997803
-1.3092041
-2.6672363
0.6561279
-0.4669189
0.7080078
1.6387939
-0.8728027
0.2319336
0.50354
1.8859863
-0.3845215
0.2044678
-1.0772705
0.8605957
0.2990723
-3.3569336
0.7720947
0.6622314
0.7415771
5.6335449
3.3813477
-0.9307861
0.6469727
-0.3051758
-1.0009766
-2.2583008
-2.2155762
-0.1617432
7.6019287
2.6672363
1.1291504
-0.1983643
-5.8563232
-0.7751465
6.1798096
2.8869629
3.4118652
0.0305176
-1.184082
0.8087158
-1.4129639
-0.4699707
-0.0579834
-3.4667969
-5.0140381
1.7456055
0.1251221
4.1748047
-0.8087158
-1.2817383
-1.1230469
2.4108887
3.8146973
-4.2480469
2.8747559
-5.8166504
-0.1159668
2.4902344
-7.8277588
-2.7801514
-1.6967773
-0.6378174
11.8560791
-4.5013428
4.9041748
-0.5187988
-6.3446045
1.5930176
4.7302246
-1.550293
-3.2958984
0.0274658
-2.8106689
-6.8054199
-0.8514404
0.2716064
4.1412354
-4.9468994
1.3305664
-1.9195557
-3.0029297
-3.6956787
-2.4688721
-0.680542
0.4638672
0.100708
-0.3051758
0.2532959
0.4516602
0.7476807
1.1993408
-0.5554199
0.2807617
0.177002
3.0029297
-1.4038086
3.9733887
-7.2631836
3.1646729
-0.7293701
-1.6387939
-0.8789062
4.0985107
-5.0476074
-0.4516602
2.6611328
-1.550293
-0.3326416
2.1331787
11.9781494
7.1716309
-0.5126953
3.4759521
-5.3985596
-3.7841797
-0.1739502
-7.144165
-15.423584
0.5950928
-2.1820068
-2.7740479
0.7965088
0.2471924
-1.4678955
1.9012451
-5.7403564
-0.7171631
-1.1138916
4.9224854
-2.3010254
1.1077881
4.2205811
1.461792
-1.3641357
-2.2369385
-1.385498
-2.7160645
0.592041
0.6958008
1.1627197
0.0305176
0.1708984
-1.2695312
-3.8726807
0.9887695
-2.4780273
0.7415771
-2.5054932
1.9683838
-2.2735596
-3.0059814
0.6866455
3.3447266
0.9094238
-1.6540527
20.0286865
-0.7781982
-0.8636475
2.5146484
-10.2813721
-1.4709473
-1.3946533
-0.970459
1.4007568
-0.4760742
-0.1495361
0.3570557
1.9042969
0.0427246
1.0253906
-0.7659912
-2.3040771
-0.7873535
1.8341064
-2.7069092
1.3183594
-8.7799072
-4.1351318
6.5795898
-1.3061523
-2.4414062
-10.1898193
-1.3977051
8.7524414
3.1616211
-2.7679443
3.704834
-0.7080078
-5.6884766
-1.9805908
1.9439697
-1.6357422
-0.5706787
-0.2929688
0.8514404
-1.4892578
-0.4394531
-3.2501221
1.8341064
-2.8564453
-1.8676758
-2.9968262
8.3068848
-0.3143311
-2.2827148
0.604248
1.6265869
-0.213623
1.3946533
0.2227783
-2.3803711
1.0131836
-3.0181885
-0.1403809
-0.8575439
-0.6500244
-1.7272949
0.970459
0
2.0019531
-0.0488281
-18.2617188
2.4414062
0.302124
0.9399414
-0.5401611
2.62146
-0.4577637
-1.6052246
1.574707
-3.0303955
0.894165
0.6164551
-2.8564453
-2.9815674
7.2265625
2.8717041
-6.7352295
-2.3406982
3.4057617
1.4953613
0.9918213
-0.3570557
-1.449585
2.4108887
-0.3173828
0.0457764
0.7537842
-1.05896
-2.8717041
0.0854492
-0.692749
1.2023926
-1.7120361
1.0345459
0.1403809
2.5756836
-0.390625
1.4465332
4.4677734
6.5216064
13.7786865
7.2875977
-1.5136719
-6.9946289
-3.2165527
3.6102295
2.8839111
1.2786865
-3.0273438
-0.378418
-7.3425293
2.0812988
2.8717041
-1.7364502
3.4606934
-6.0546875
-2.8167725
-1.2145996
1.7974854
-2.0751953
-2.9815674
-3.1402588
-0.1983643
1.6448975
0.5004883
3.1616211
-1.2298584
-0.6866455
-0.4760742
-1.3061523
-0.9918213
-0.869751
0.2044678
0.201416
-2.3895264
-0.2197266
0
-1.5777588
-23.8250732
-1.8920898
-0.3967285
20.6298828
5.2978516
2.6062012
0.6744385
4.9530029
8.2305908
1.3244629
1.4373779
-4.4158936
-3.2531738
5.7281494
3.3233643
-4.2022705
-0.7385254
1.8310547
-7.1716309
-6.1401367
-8.8684082
-6.0668945
-5.6427002
0.6317139
-1.0437012
-0.5889893
-0.5096436
-0.604248
-1.5380859
-0.4302979
16.104126
19.6777344
4.7363281
0.2716064
6.2866211
-3.7445068
-2.6153564
-0.5737305
-1.852417
-2.3864746
-2.432251
-2.7191162
-1.4129639
0.6866455
-0.3265381
13.1530762
-3.717041
-0.0366211
-0.5279541
-3.8391113
0.177002
-0.1037598
0.8087158
-12.322998
-0.6591797
0.3326416
-3.0487061
1.4709473
2.1148682
6.5551758
-0.9277344
-1.5808105
-1.2878418
2.3498535
-0.9918213
-2.3864746
2.0019531
-0.4730225
1.9012451
0.3967285
0.0579834
1.7211914
-2.5146484
1.8554688
-1.9470215
3.0578613
0.1281738
0.7720947
-1.9195557
1.7547607
-0.3692627
3.2196045
-1.4190674
0.7873535
-2.3284912
0
1.965332
2.3284912
0.7080078
1.0406494
0.7415771
-0.213623
3.2073975
0.5493164
-1.361084
3.2165527
-0.402832
-0.3936768
-0.9429932
-1.3427734
-0.2075195
0.5249023
0.0396729
0.6713867
-0.9918213
-0.7476807
-0.3814697
-1.3946533
-0.4577637
2.8594971
0.0823975
1.4587402
-2.2979736
3.3050537
-2.4688721
1.2878418
2.1606445
-0.177002
2.1697998
0.2227783
-17.0318604
-0.4547119
0.4211426
1.6784668
-2.6062012
0.5340576
4.8248291
4.2358398
-2.1942139
-1.0162354
-1.2207031
-7.7697754
3.2653809
-2.1392822
-9.4360352
-6.0394287
-0.4943848
4.1046143
-1.3366699
-0.0946045
2.2277832
1.5197754
-1.1627197
-3.6315918
-0.5249023
-0.4455566
1.8707275
0.4272461
6.9549561
-1.8859863
0.100708
3.4301758
0
1.3671875
4.1351318
-1.1352539
0.1678467
-2.2186279
-1.1932373
2.2186279
0.958252
-0.6011963
-0.5371094
0.2380371
0.3234863
0.1831055
-1.3183594
-0.6256104
-2.7252197
0.7629395
-1.0162354
-2.4658203
0.6134033
-0.894165
-0.6896973
1.8798828
2.1209717
0.5187988
-0.1373291
-2.3071289
-2.3590088
-1.4038086
1.2390137
9.7412109
1.7425537
0.8728027
0.769043
3.2043457
-0.1708984
0.6958008
0.1037598
-2.3895264
2.1850586
1.0620117
-16.0766602
3.1738281
-4.0344238
-1.6448975
-2.5604248
-0.2685547
0.4272461
0.4943848
3.1311035
-5.456543
-16.9006348
2.1453857
1.6143799
-0.5218506
1.5930176
-1.8432617
8.4655762
0.8300781
0.27771
-2.6580811
-3.213501
4.7821045
1.2817383
-5.178833
-1.9195557
2.2583008
1.4587402
3.2836914
4.0649414
0.6713867
-0.1373291
-3.5522461
0
-1.0955811
-3.5736084
-2.8503418
2.6916504
2.243042
0.5645752
-0.0366211
0.7995605
-0.4241943
0.6774902
-0.970459
0.6317139
2.5268555
2.3010254
-0.0213623
5.3375244
-0.5584717
0.8392334
-1.171875
1.9958496
-1.1444092
0.869751
0.958252
-0.7476807
1.2878418
-1.3427734
-1.4801025
0.9307861
-2.4078369
2.0172119
-1.9073486
-1.6815186
-0.579834
-0.6225586
-1.2542725
-0.8392334
2.0690918
-1.9866943
0.2746582
-4.888916
1.4862061
1.4801025
0.0427246
2.3040771
-2.2277832
1.4068604
0.1159668
0.7110596
-1.7669678
-0.6713867
-14.4073486
5.166626
24.2797852
12.9821777
0.5187988
-6.0119629
0.9094238
0.6195068
-13.7817383
4.0893555
2.9571533
-1.4282227
-2.4505615
-4.5410156
-3.4545898
2.2460938
0.7263184
-3.0212402
0.8056641
2.4139404
-13.7207031
1.4587402
-0.3234863
-0.1220703
-4.2053223
2.557373
3.2928467
-1.473999
-1.8829346
-0.1861572
-2.4169922
0.2868652
3.2440186
-0.3875732
2.2521973
-0.1159668
1.5869141
0.5401611
-2.7160645
0.5889893
-0.9094238
0.4486084
-0.793457
-1.0681152
-0.7629395
-0.6134033
-0.5981445
1.1505127
0.6988525
7.119751
0.8636475
0.7232666
-0.6500244
0.1434326
-0.1068115
2.3620605
-2.5726318
0.0579834
0.1434326
-4.4494629
-0.6134033
0.0976562
-0.6134033
-0.177002
0.012207
0.8605957
0.2838135
-0.8239746
-2.5390625
-1.3458252
-0.5218506
-2.5360107
10.7635498
0.3753662
-1.1322021
-0.1586914
-1.4007568
1.4678955
-8.9538574
-1.8066406
-1.9134521
1.1505127
0.5523682
4.7637939
-2.0629883
-0.0946045
3.3630371
-0.0274658
-0.7568359
-1.6174316
2.2674561
-4.7668457
0
0.50354
-2.7587891
-0.6866455
-0.9643555
-0.793457
-2.2094727
2.0721436
3.0090332
7.4401855
0.3082275
-1.6357422
-0.8880615
-0.5950928
-0.2838135
0.378418
-0.7110596
3.0822754
1.1138916
0.3723145
0.7537842
1.1688232
-0.2044678
-0.8789062
-3.9337158
0.6408691
-5.0048828
0.4150391
-2.9785156
0.3601074
0.6469727
-1.7364502
-1.9836426
-0.4333496
1.4892578
-11.3128662
-1.2878418
-1.1352539
1.3549805
1.2542725
1.6326904
-0.4302979
-0.3387451
1.4068604
-0.7720947
-0.6896973
0.9338379
-4.0374756
-1.2451172
0.378418
-0.3112793
15.447998
0.6866455
-1.8096924
4.3518066
7.1472168
1.0620117
2.2796631
-0.2410889
0.2929688
0.2960205
0.0762939
-0.0274658
1.2908936
0.177002
-0.5126953
0.8300781
-2.8289795
-4.3395996
0
5.1513672
2.3162842
1.0101318
1.1688232
-2.5665283
-0.1342773
-2.645874
0.9857178
1.940918
0.7354736
-0.2105713
2.3254395
-0.8300781
-0.9765625
-0.27771
3.0548096
2.1942139
2.6275635
0.9155273
-0.5737305
1.763916
-2.3376465
2.2003174
-6.3781738
1.6052246
-1.5289307
0.0915527
1.7944336
2.4139404
6.4727783
4.586792
0.177002
-23.5107422
0.5859375
1.361084
-0.5554199
0.8728027
2.2155762
1.84021
1.0681152
1.7211914
0.1373291
-0.2044678
-0.0335693
0.4058838
-1.7120361
3.6010742
2.1636963
-2.9571533
4.3731689
-1.3305664
3.5858154
4.3457031
-1.5777588
0.1739502
1.0284424
0.7232666
-0.8483887
0.4547119
3.8238525
-3.8726807
-0.2441406
0.8636475
-1.9348145
-3.314209
-0.6225586
-1.4038086
0
-2.7008057
4.9133301
-0.1556396
-4.6142578
18.057251
2.8106689
-2.142334
-1.3519287
-5.1208496
-1.0070801
-1.0528564
0.2197266
-0.4394531
1.6479492
0.9613037
-1.1047363
5.4626465
-4.7943115
1.6021729
-0.9918213
0.4516602
-9.487915
2.4169922
1.8981934
-0.2746582
-0.189209
0.5157471
-16.4642334
1.9287109
0.2563477
-0.8056641
-0.8270264
-0.3540039
-1.7303467
-2.0111084
0.668335
0.2349854
0.6378174
0.6103516
-0.4394531
1.0192871
1.0894775
0.402832
0.4333496
2.9449463
0.3265381
-0.9338379
8.1054688
0.7904053
3.0731201
-0.6469727
-0.6835938
1.763916
0.0732422
-0.3326416
0.1098633
-1.3549805
2.5024414
-1.9012451
-2.2338867
-1.3183594
8.9447021
-0.6317139
-0.8666992
3.4973145
0
-1.2207031
8.4228516
0.1739502
-3.1524658
-1.6387939
0.491333
-2.4200439
0.894165
4.3548584
-3.8299561
4.3487549
-2.0599365
1.5350342
4.7210693
3.1555176
0.0976562
-1.739502
0.9521484
-1.9042969
2.4688721
-0.378418
1.05896
1.2451172
-1.5411377
1.1047363
-0.9765625
-0.5584717
-0.5950928
0.2502441
-1.7272949
-1.4129639
-2.7313232
-0.2227783
-0.0366211
-0.479126
-0.0640869
0.0762939
-1.5808105
0.1983643
1.2756348
1.7852783
-1.9958496
2.9968262
-3.3630371
-1.385498
-2.3101807
15.524292
0.8880615
1.3641357
1.1535645
-0.5828857
0.8331299
-1.0772705
-1.6204834
2.0629883
-0.4730225
0.2197266
3.6773682
-6.2652588
-4.2175293
-1.2298584
3.8543701
-3.7445068
0
-7.7758789
0.2685547
-0.6744385
-4.3792725
-0.1525879
-4.0435791
1.159668
2.1179199
2.1087646
-3.7719727
-2.5604248
1.9927979
1.0864258
3.9154053
-0.1739502
17.1386719
1.5075684
0.27771
-0.592041
-0.5584717
-1.8798828
-1.5899658
-0.4699707
-1.9592285
-0.0183105
-0.5584717
-1.361084
-0.5554199
0.4821777
-0.7080078
1.550293
-2.0202637
1.0253906
2.0172119
-1.5411377
1.0498047
-1.3519287
-3.2623291
2.1728516
-2.9449463
-7.1105957
3.692627
-1.651001
-3.7506104
-1.8157959
-1.7944336
-5.2764893
-0.9735107
-2.2735596
2.8259277
3.1402588
-0.2044678
11.2823486
-5.3283691
-1.9744873
5.8807373
5.4504395
-0.1983643
-2.4139404
2.8625488
0.1586914
-1.1291504
5.0140381
0.100708
1.5808105
3.4423828
-0.2685547
-0.1647949
-3.7872314
-1.7791748
-1.5869141
1.4526367
-5.19104
-2.1759033
0.8392334
-2.5482178
5.7037354
-1.05896
1.7120361
2.4871826
2.3773193
0.4943848
-0.5889893
0.9552002
0.5950928
-0.0793457
1.3214111
2.1484375
-0.692749
-0.7995605
-0.0640869
-0.78125
0.5310059
-0.793457
4.1564941
-9.4543457
8.7188721
-4.2449951
2.3345947
2.7679443
2.3529053
-0.1708984
-1.6662598
-3.2012939
-1.675415
1.1199951
-4.6539307
1.1627197
-6.2530518
-2.7770996
-12.9364014
2.911377
0.0213623
2.520752
-0.0274658
1.3580322
1.9866943
3.0914307
3.3721924
0
-16.6229248
-19.3908691
-1.3031006
1.2664795
-1.4068604
0.2746582
0.2044678
0.2227783
-0.5981445
0.5096436
-1.3702393
-1.0681152
1.2634277
-1.0314941
-0.9399414
-0.3875732
0.0976562
2.3529053
-0.8758545
-0.5706787
-0.7385254
-0.0701904
4.6234131
-0.5554199
-2.4505615
-4.2510986
-3.8879395
2.5421143
-0.4333496
-1.0742188
-0.0061035
0.4455566
-0.9307861
0.1556396
1.159668
-6.036377
7.7423096
-3.3508301
-1.3183594
-1.8798828
-14.3737793
0.2471924
1.1230469
-1.0650635
4.2144775
1.3000488
0.7568359
-0.1586914
-0.5004883
0
-4.7546387
1.1383057
-1.8066406
-1.776123
-0.8209229
1.0498047
-0.50354
0.1708984
1.7669678
0.189209
0.4638672
-0.201416
0.4272461
-1.9165039
1.1901855
1.4587402
0.5096436
1.3458252
0.5584717
-0.958252
-0.9033203
5.4504395
-0.6713867
0.1403809
26.2145996
2.8381348
0.390625
7.6660156
-1.8066406
-0.5493164
1.5533447
-3.1097412
0.5096436
-3.7200928
-0.7476807
-0.2593994
-0.4486084
7.598877
-0.7141113
14.2456055
2.1026611
5.4290771
-0.0579834
-2.557373
-0.869751
-3.6132812
-3.8360596
-0.4394531
1.0437012
6.8511963
-3.2287598
1.8768311
-1.2756348
1.7730713
-0.012207
2.5115967
-1.5319824
-1.663208
-0.0396729
-1.1779785
0.2593994
-0.3479004
-0.8666992
-0.0762939
1.461792
-0.5187988
-1.0772705
-0.5096436
2.4658203
0.668335
-4.3548584
-3.4545898
23.5443115
-7.9498291
3.1433105
6.1889648
-0.1281738
3.8299561
-2.230835
26.4160156
-6.7321777
2.3468018
0.6652832
-4.0649414
0.012207
0.604248
1.0894775
0.50354
-0.958252
-1.3183594
0.9979248
-0.994873
3.8543701
12.6342773
2.9846191
-3.5430908
1.4923096
-1.7028809
1.5808105
2.4658203
-1.0009766
2.6306152
1.2756348
-1.3092041
-2.2735596
-0.5706787
-2.0904541
0.6164551
-8.795166
0.2716064
-0.4211426
-0.692749
2.0507812
0.1251221
-0.2532959
-1.0925293
0.2960205
-1.864624
-3.4118652
-1.0192871
-0.8636475
0
0.3326416
0.5065918
-1.6082764
0.8422852
-0.0915527
1.663208
1.0925293
0.6286621
-7.7087402
6.4453125
10.9344482
-9.3475342
-14.9993896
-6.5643311
-5.7495117
0.0061035
1.3275146
0.5249023
-2.7954102
-2.8686523
1.6571045
-0.4577637
0.7843018
-0.4852295
1.3092041
-0.9185791
-1.8218994
5.2612305
0.378418
15.4571533
1.9622803
-0.1220703
-0.5645752
-2.1057129
2.6306152
-0.6866455
-1.7486572
3.6010742
5.1300049
-1.7486572
-3.3599854
-0.9643555
-4.586792
-2.1881104
5.2947998
1.3458252
-0.4699707
-1.9714355
0.1251221
-1.2268066
1.9897461
2.3712158
-0.1983643
-1.6723633
-0.0274658
0.2838135
-0.2441406
-1.0528564
-0.1434326
-0.769043
-0.390625
0.5157471
-0.2166748
-1.8920898
5.4382324
-0.5096436
-0.2105713
0.1495361
-4.1412354
-3.1799316
2.0263672
0.9887695
0.3479004
-3.7506104
-2.7984619
1.9958496
-0.2746582
-1.0223389
3.314209
-0.3204346
1.071167
4.1015625
1.3000488
0
0
0
0
-1.1871338
-0.3204346
-4.9377441
-2.1636963
11.3677979
-5.3466797
-10.9771729
1.2054443
0.7720947
-8.6120605
-6.262207
5.8776855
4.7241211
6.3781738
0.6774902
-0.9918213
0.3234863
-0.9643555
-0.970459
1.3244629
1.184082
0.0946045
0.0793457
1.5808105
-0.9307861
-0.3662109
-0.5828857
0.1098633
0.2960205
-0.7476807
-0.3997803
0.2197266
2.3254395
1.6540527
0.7598877
-0.2075195
0.6958008
4.6264648
-1.5991211
2.2644043
3.7445068
2.0355225
-1.651001
11.6638184
-0.7202148
-1.4129639
2.9052734
0.1861572
2.6123047
-2.0111084
-1.5258789
0
0
0
-1.1535645
-5.4718018
0.9490967
7.9040527
-5.4016113
-0.9246826
-2.7191162
-1.2969971
3.1890869
10.0158691
0.1037598
-7.9284668
4.7149658
-3.6193848
1.2878418
1.5838623
-0.2716064
-1.2512207
-0.6591797
-0.7843018
1.5228271
-0.7507324
0.2990723
-1.3305664
-0.0091553
0.0274658
0.6530762
-0.7171631
-0.3051758
1.6021729
2.0019531
-19.2657471
-0.2593994
-5.4107666
-1.4068604
-0.7446289
0.3143311
0.0610352
-3.024292
-2.0233154
-2.8411865
6.1950684
-0.189209
0.6866455
-1.739502
3.9550781
-1.5533447
-0.2655029
-0.7568359
0
0
0.0152588
-3.3752441
-1.6662598
-0.3448486
10.2325439
-1.7730713
-1.0955811
-2.9754639
0.6958008
-2.154541
1.8035889
6.0180664
3.7017822
-4.6081543
9.9822998
-0.2532959
0.3204346
-0.3631592
-0.5737305
-1.1627197
4.9743652
-1.0925293
-1.4251709
1.9226074
-0.0732422
1.5350342
-1.2481689
1.0131836
1.2420654
1.3977051
3.7200928
28.4973145
30.4534912
-1.5228271
24.0356445
1.4587402
2.4200439
-5.6549072
-1.5563965
-3.5095215
-0.8880615
9.1674805
-0.1037598
1.8829346
3.7750244
1.4404297
-2.0904541
0.3082275
0.0976562
-5.7739258
-1.6662598
-4.4555664
3.8208008
-0.7659912
-0.7049561
0.189209
-0.1678467
0.3051758
2.0721436
3.6376953
4.1351318
-4.0222168
9.3383789
-3.5339355
-1.3031006
-1.5319824
-0.3479004
-0.012207
-0.6958008
-1.260376
-0.5645752
0.201416
1.1657715
0.0610352
-0.5126953
0.9674072
-0.4852295
2.3529053
-0.5584717
-2.3345947
3.3050537
1.6693115
-4.2266846
-0.7873535
7.4279785
1.4404297
2.1209717
-4.2358398
-3.3294678
1.9073486
2.6397705
8.8653564
-2.3651123
-0.0213623
-1.6998291
-1.8463135
0.2838135
-2.6275635
-0.8575439
-1.4099121
-1.965332
-0.1037598
-7.6599121
-1.1108398
-0.9002686
0.1861572
-3.3935547
1.5319824
-7.5195312
-0.8911133
-0.5462646
-0.0061035
-0.0488281
-0.8087158
-0.4241943
0.3997803
-0.2410889
0.6134033
1.3244629
0.3356934
-0.0488281
2.7679443
0.1159668
2.6031494
-1.9927979
1.4190674
-0.2655029
1.4160156
-1.5899658
1.348877
-0.3601074
4.901123
0.9521484
-1.2634277
-4.0313721
-0.2990723
0.3753662
0.7476807
0.7110596
0.7659912
-0.5096436
1.9622803
3.2470703
-9.2437744
-0.3692627
0.7110596
-4.1046143
15.9942627
-3.7384033
-14.4775391
-13.8244629
-7.4981689
1.7425537
-0.3265381
1.7425537
1.2054443
-0.958252
-0.7476807
-1.1566162
0.8178711
0.1922607
-0.6713867
2.6428223
-1.0009766
2.1606445
-1.0772705
-1.2268066
-0.6103516
-2.6763916
2.8869629
-7.3486328
-5.2062988
3.8787842
-1.3397217
8.1878662
0
0
0
0
0
0
0
0
0
-3.7261963
2.5085449
0.2197266
0.7568359
-7.5714111
-0.0640869
-0.4882812
-2.8594971
-7.0404053
0.6622314
1.5594482
-0.6896973
-0.4852295
0.4852295
-2.6824951
-0.0518799
3.0853271
1.8829346
-0.9216309
-3.6254883
-5.3405762
-2.722168
-0.3631592
1.0284424
-1.3458252
-4.2633057
-0.3814697
-0.5371094
0
0
0
0
0
0
0
0
0
-3.6773682
-1.1535645
1.0986328
-0.4455566
0.7171631
25.5615234
-3.302002
0.4882812
7.3425293
0.1586914
0.4272461
-2.1850586
-1.9195557
-1.852417
-0.6011963
-0.8087158
1.0437012
0.9338379
-0.9765625
-0.9521484
2.4932861
-2.0233154
-1.9165039
1.8096924
-4.8370361
0
0
-1.2756348
-0.5615234
0.7629395
-1.9683838
4.3518066
-1.1627197
0
0
-1.675415
0.3204346
0.5950928
-1.6326904
16.1621094
1.3885498
2.2033691
0.3173828
1.0742188
1.953125
-2.1759033
0.8392334
2.0935059
0.50354
-0.8666992
-0.3814697
-0.3509521
0.6439209
2.0751953
0.3082275
0.7629395
0.2960205
4.18396
0.7537842
0
1.1322021
-1.0009766
-0.6195068
8.87146
1.7425537
3.8238525
-6.1859131
0
-3.012085
-1.2634277
-5.7373047
2.6367188
-7.1380615
7.4279785
-7.0251465
-2.5268555
1.3000488
-14.1021729
1.4648438
1.9226074
1.4160156
3.0761719
-1.9012451
0.2990723
1.739502
2.0141602
0.6561279
-0.4730225
-0.8575439
-5.6243896
0
0.0671387
-0.7446289
-14.3493652
-0.1953125
-0.5737305
0.3204346
9.7900391
0.970459
-4.385376
6.628418
-1.3519287
1.0620117
18.4051514
6.3934326
-2.9510498
1.0192871
-14.5019531
1.28479
-0.0396729
-0.8850098
1.0223389
-0.9918213
-2.6916504
-0.8666992
-0.982666
-0.112915
1.4831543
-9.072876
-1.5350342
-0.8270264
-4.8187256
-0.8911133
1.2451172
-1.7425537
6.5551758
9.2956543
11.2854004
-4.486084
-2.2277832
1.5563965
4.6630859
1.7303467
-0.2624512
0.4058838
14.4287109
-6.4331055
-0.5462646
-1.8829346
-1.1474609
-0.668335
-1.5319824
0.0366211
-0.4852295
-2.06604
-0.2349854
-0.7019043
-2.0050049
6.1035156
-0.088501
1.8768311
7.5927734
-2.8015137
5.9204102
0.7232666
-0.0152588
9.1125488
3.1677246
-1.4984131
4.473877
2.9052734
16.8457031
-0.7110596
1.385498
2.2460938
-1.2756348
1.1779785
0.4272461
1.3671875
-4.6569824
4.7027588
-9.8754883
-0.2410889
4.4464111
-0.0305176
-0.4119873
-1.8554688
-1.2817383
4.6417236
-0.7049561
-0.5004883
-4.2938232
4.675293
-3.1066895
-0.1647949
1.2084961
1.6601562
-0.50354
6.6955566
2.8991699
-8.6242676
-6.2957764
-1.2145996
11.819458
1.3031006
-2.5238037
-0.2349854
2.1484375
59.9945068
-13.973999
2.5634766
8.5845947
-8.3374023
-2.0568848
-2.5238037
-3.0792236
0.4455566
1.6845703
-7.3577881
-2.3468018
0.2197266
-1.2939453
1.6235352
-0.1281738
-1.1993408
1.5838623
-6.9396973
2.3834229
-7.0465088
0
-2.4993896
-0.8056641
-4.4586182
0
-0.8087158
0.1831055
-1.3916016
0.2288818
2.7130127
0
-0.5950928
0
-1.6418457
0
0.6500244
0
7.635498
0
6.1584473
0
-0.4211426
0
-0.6988525
0
-4.7027588
0
0.1281738
0
0.4333496
0
-2.1026611
0
2.1697998
0.2868652
-0.9033203
0
3.4912109
0
2.1209717
0
-0.213623
0
4.3334961
0
-2.4047852
0
-0.2349854
0
-0.2502441
0
-1.1047363
-0.100708
1.3000488
0
0.378418
0
22.4456787
0
-5.2612305
0
-0.5950928
0
-12.6678467
0
7.7087402
0
1.0192871
0
-0.6134033
0
2.835083
-0.0732422
3.2226562
0
-2.2094727
0
1.9775391
-0.5371094
-0.9918213
0
1.9134521
3.2073975
1.4312744
1.4465332
-5.9356689
0
0.390625
0
3.1616211
0
-16.9067383
0
-1.6662598
0
2.1331787
0
-0.2319336
-0.0061035
6.137085
-0.0030518
1.3458252
0
6.4422607
0
-0.5706787
0
7.3455811
0
-2.0568848
0
0.9094238
0
4.4677734
0
0.3234863
0
8.0108643
0
-0.6469727
0
0.0396729
0
-3.4576416
0
-0.1800537
0
11.4929199
-0.0274658
0.2471924
-0.1159668
1.3793945
0
0.7171631
0
-0.6866455
0
-2.7313232
0
-13.1835938
0
0.9094238
0
-3.8146973
0
2.3925781
0
-4.5898438
0
0.3326416
0
-3.4332275
0
-0.1281738
0
2.6062012
0
0.3356934
0
0.0091553
0
6.5795898
0
4.9224854
0
-3.0090332
0
-0.9124756
0
-3.4759521
0.0762939
-3.6560059
-0.0732422
2.7679443
0
1.2023926
0
-8.7219238
-0.0396729
0.6713867
0
0.3570557
0
-0.2868652
0.1434326
-0.7202148
0
1.6998291
0
0.7476807
0
-0.9521484
0
2.3468018
0
4.6600342
0
-0.3479004
0
-4.486084
0
-0.1525879
0
0.9246826
0
0.4241943
0.0030518
2.3406982
0
0.6286621
0
1.4770508
0
0.189209
0
2.5024414
0
-9.9456787
-0.3112793
0.3204346
0
-1.0040283
0
-0.7232666
0
-2.0141602
0
-1.1688232
0
8.5540771
0
1.4282227
0
-0.3417969
0
0.2227783
0.0030518
-5.2093506
0
-2.1148682
0
9.5489502
0
7.1990967
0
2.6702881
0
0.4394531
0
7.9925537
0
-4.2175293
0.5218506
0.7598877
0
-0.3692627
0
3.9550781
0
-0.8117676
0
1.7547607
-0.3814697
3.5064697
0
0.5554199
0
-0.6988525
-0.0030518
5.2307129
0
-0.0274658
0
3.3508301
0.4821777
2.3864746
0
-0.9887695
-0.0274658
-0.8178711
0
2.3193359
0
2.6275635
0
-2.8839111
0
6.3476562
0
-5.8288574
0
-3.0639648
0
3.3905029
0
-1.4465332
0
-1.1138916
0
4.788208
0
-0.1831055
0
0.5737305
0
0.1342773
0
5.065918
-0.2685547
1.7120361
0
3.2287598
0.0274658
-2.3681641
0
0.3814697
0
-0.7995605
0
2.1240234
0
6.640625
0
0.6134033
0
-1.3061523
0
3.2470703
0
-10.6903076
0
8.4472656
0.3326416
0.604248
0
1.2756348
0
-2.2277832
0
-0.3936768
0
0.2532959
0
-0.5462646
0
-4.8248291
0
-2.0782471
0
-2.0812988
2.1087646
-0.0457764
-3.9489746
0
0.9185791
0
-2.1026611
0.1159668
0.289917
0
0.6774902
0.0488281
9.8632812
0
7.6904297
0
5.7861328
0
0.894165
0
-0.6744385
0
8.0291748
0
-4.2205811
0
2.5878906
0
-1.3122559
0
-2.557373
-0.1373291
-0.8270264
0
-0.5401611
0
-1.1749268
0
11.0229492
0
-1.1291504
-0.0366211
0.4730225
0
-2.2766113
0
-15.6616211
0
6.5643311
0
-5.9753418
0
-3.5980225
0.1495361
-1.3885498
0
2.1240234
0
5.8868408
-0.0061035
4.1351318
0
-7.2662354
0
0.8026123
0
-1.3366699
0
-0.8178711
0
3.7902832
0
0.604248
0
0.6378174
0
-11.4349365
0
0.6011963
0
-3.7139893
0
-0.6713867
0
4.6112061
0
-7.0922852
0
7.8613281
0.3753662
1.0437012
0
1.1871338
0
-3.1982422
0
2.4291992
0
-6.6680908
0
-1.9897461
0
1.7700195
0
-3.3874512
0
-1.1322021
0
0.0274658
0
-2.4597168
0
-0.7995605
0
-0.6500244
0
1.461792
0
1.1138916
0
2.9724121
0
5.2398682
0
-1.8188477
0
-3.4057617
0
-0.6256104
-0.4150391
10.8764648
0
-3.0609131
0
0.4211426
0
-0.4394531
0
6.1889648
-0.5218506
-0.3631592
0
3.2196045
0.0061035
-1.6693115
0
3.2958984
-0.0579834
-3.1158447
0
0.7537842
0
1.9500732
0
-0.2288818
0
0.2960205
0
-6.2316895
0
0.0915527
0
4.6417236
0.3082275
-0.6195068
0
-0.177002
0
-1.2512207
0
4.5959473
0.3631592
7.8094482
0
-0.6988525
0
-1.4770508
0
-2.520752
0
-3.2104492
0.2990723
3.3813477
-0.0061035
-3.1585693
0
-0.6500244
0
-0.3387451
0
6.0760498
0
-6.0516357
0
-3.7994385
0
-0.958252
-0.4882812
0.6591797
0
-0.5767822
0
27.6763916
0
7.901001
0
-6.2957764
0
4.7119141
0
-2.911377
0
2.2094727
0
-1.5197754
0
0.2502441
0
-0.9979248
0
-1.6601562
0
-3.805542
0
-8.4838867
0
-4.6539307
0
2.4230957
0
0.8026123
0
7.522583
0
-2.1118164
0
-6.8389893
0
0.6317139
0
0.7659912
0
-5.9967041
0
-0.6988525
0
0.579834
0
-0.4089355
0
-9.3200684
0
-1.3366699
0
2.6641846
0
-4.7943115
0
0.1678467
0.5462646
0.3723145
0
8.2305908
-0.0579834
-0.9735107
0
0.2166748
0
2.1026611
0
2.9144287
0
3.2775879
0.012207
7.1868896
-0.3692627
2.6245117
0.0549316
6.5032959
0
0.9460449
0
2.0812988
0.5157471
2.1514893
0.5249023
-5.9417725
-0.1983643
-5.3375244
0
2.5726318
0
-13.2537842
0.0610352
30.380249
0
1.260376
0
-1.9805908
0
-1.3946533
0
-0.7049561
0
-5.6396484
0
2.0019531
0
1.4465332
0
-4.675293
0
0.1220703
0
-2.6184082
0
-4.0649414
0
4.284668
0.3448486
1.1657715
0
-2.2735596
0.0396729
-1.1077881
0
0.9216309
0
-1.2084961
0
0.5737305
0
-2.0599365
0
-2.1850586
0
3.9276123
0
-3.0914307
-0.7080078
-1.7333984
0
3.137207
-0.3204346
1.5686035
0
-4.977417
0
-1.8951416
0
