0
2
12
2
304
5
8
315
0
0
1
1
124
16
0
3
3
5
0
0
0
0
1
0
55
0
0
65
3
1
8
0
0
2
0
32
4
44
0
1
0
0
3
1
4
8
119
7
1
0
2
0
0
9
29
3158
7
5
21
7
0
0
9
2
0
2
0
0
13
4
36
25
6686
2
0
0
3
6
0
0
0
0
3
5
0
10
1
4
1
1
0
6
2
9
4
11
0
2
1316
2
1
56
0
0
0
5
1
26
3
1
0
1
0
1
4
2
4
9
1
0
17
9
5
5
0
3
0
29
18
6
0
0
19
4
12
6
3
2
1
39
53
13
8
10
22
0
1
5
12
1
0
2
40
1
10
37
6
2
1021
4
37
40
0
3
1
3
2
1
3
13
33
10
1
3
0
1
2
26
3
22
4
5
109
40
35
5
8
52
15
1
0
3
0
2
1
0
4
0
0
7
0
3
7
2
6
18
175
48
13
3
1
13
3
12
1
3
1
2
11
0
8
2
35
0
387
0
0
0
6
122
0
4
38
146
7
11
2
0
3
25
0
5
3
0
1
0
0
0
0
1
6
4
0
0
0
3
5
0
2
6
53
12
7
12
42
1
4
0
0
1
0
1
0
0
0
4
0
11
0
16
2
2
1
1
1
3
0
44
7
4
20
0
9
1
12
8
2
1
3
3
7
1
0
1
2
2
0
7
0
2
1
1
3
0
4
1
2
172
0
6
5
9
50
335
0
2
0
0
0
0
2
24
0
4
2
6
2
0
0
0
1
0
1
0
0
6
1
28
3
1
382
166
19
7
3
6
0
12
0
2
5
0
2
7
1
0
0
1
0
1
7
5
13
4
0
2
17
0
0
8
3
2
0
0
3
3
1
11
49
0
50
0
0
12
0
0
1
0
2
0
1
0
27
1
1
1
15
0
0
0
0
1
3
0
0
4
17
6
0
8
1
56
101
4
3
11
5
17
12
2
3
2
5
0
0
0
0
2
0
0
1
0
3
1
0
0
0
0
0
0
4
0
7
1
31
1
10
30
112
9
456
1
0
12
5
1
0
0
0
0
3
0
1
0
0
1
17
0
0
1
0
1
15
1
0
1
0
0
1
0
5
27
0
8
5
5
26
0
0
97
1
42
0
29
0
0
0
14
1
4
1
1
11
0
1
38
9
7
20
0
0
2
6
1
1
0
0
3
1
0
1
0
5
0
3
1
5
105
2328
11
40
22
37
42378
449
1
2
4
0
0
3
0
2
2
2
2
2
2
13
0
11
0
0
0
0
0
1
0
0
0
0
1
21
0
0
110
0
3
3
18
0
38
9
5
12
23
43
0
0
1
0
0
1
1
1
0
2
0
0
0
3
3
8
0
0
0
0
0
0
0
0
0
0
0
1
39
0
1
0
0
0
0
0
1
45
18
0
3
33
4
1
22
2
0
44
0
1
0
2
1
2
2
6
2
0
0
0
0
2
0
6
0
56
1
0
3
2
0
0
0
0
2
18
1
41
0
7
5
74
11
70
1
1
0
4
4
0
5
1
3
4
0
1
47
2
0
11
0
0
14
0
2
5
1
3
0
0
1
5
1
3
4
1
2
0
0
9
70
8
0
11
2
110
7
1
3
0
39
7
8
4
0
0
0
8
0
7
9
1
1
4
1
3
5
0
1
5
0
2
0
1
0
1
17
1
3
2
6
0
8
4
0
4
0
4
24
7
1
2
15
20
0
1
0
3
1
2
1
5
3
0
1
0
0
7
2
3
25
4
2
0
0
0
17
0
0
2
0
1
0
53
0
0
1
2
0
12
10
1
5
4
3
0
1
0
0
1
231
4
4
32
43
2
0
0
0
31
1
0
0
0
2
0
1
4
5
1
3
0
2
1
5
17
8
8
0
3
2
2
2290
1
0
5
1
7
2
13
6
4
0
0
0
1
1
10
2
8
0
0
0
0
0
3
0
4
2
26
11
0
1
2
0
15
0
2
0
4
1
1
0
11
3
1
0
0
4
68
0
1
11
3
281
290
7
0
0
3
7
0
6
0
9
0
0
0
1
0
1
0
2
25
0
6
0
1
5
0
2
2
1
0
2
4
5
2
1
1
45
10
0
63
0
43
4
0
71
918
29
5
152
1
8
0
0
11
79
4
17
6
0
1
3
0
4
3
1
1
0
2
1
4
0
0
1
0
0
9
2
1
7
1
1
0
1
0
0
0
2
1
0
2
3
5
32
8
41
0
0
0
19
19
2
0
2
1
0
1
9
0
0
9
1
1
1
0
1
2
4
0
79
4
7
31
0
0
0
0
0
1
0
0
6
0
0
116
2
14
0
1
16
2
1
0
6
0
32
0
10
2
5
3
0
76
1
29
0
7
16
0
1
13
1
1
2
4
0
3
0
0
3
33
39
8
1
0
8
0
5
1
4
1
1
3
5
4
0
0
0
1
3
0
3
16
1
0
2
4
21
3
0
58
0
21
0
1
171
54
5
3
1
6
2
0
0
1
18
1
15
0
32
4
38
0
13
1
921
0
3
15
0
0
0
5
6
0
0
0
166
1
0
1
12
0
0
1
1
18
2
17
0
1
0
5
2
41
1
0
2
45
44
0
7
3
0
5
12
0
0
1
11
0
0
2
0
3
1
0
0
0
0
530
0
29
12
0
0
0
17
1
0
0
0
6
0
0
19
15
1
0
5
38
4
1
2
2
4
0
1
2
2
30
17
14
0
8
2
46
0
39
0
2
0
0
0
0
8
1
1
1
0
0
0
152
3
2
0
4
9
3
0
0
3
5
5
4
1
2
2
1
1
0
12
18
5
4
9
2
12
47
7
1
0
3
1
91
2
0
0
6
0
2
1
0
37
2
0
2
3
0
43
48
3
2
10
12
1
39
1
10
0
2
0
2
58
179
18
2
4
17
2
2
12
0
0
1
6
5
0
18
0
13
32
0
0
0
5
2
1
0
2
3
0
5
19
91
4
0
0
1
0
0
0
3
1
5
2
0
4
1
27
1
0
102
6
3
0
0
12
3
41
0
2
0
0
16
1
5
1
0
96
0
2
11
1
0
0
0
0
0
13
4
0
36
1
9
0
0
1
0
0
0
1
3
4
1
9
0
0
8
2
1
22
0
0
22
11
1
2
5
50
5
3
1
2
0
2
0
1
10
0
0
0
0
3
2
0
4
2
5
12
0
0
8
0
5
3
0
5
1
0
0
0
32
0
8
0
0
1
0
8
1
1
58
230
24
132
1
0
1
2
1
1
1
0
0
407
0
0
7
1
0
1
1
0
0
0
6
0
1
0
1
0
1
0
7
19
0
1
1
1
32
0
19
34
20
1
1
0
0
2
1
1
0
3
1
6
4
2
1
0
0
0
1
0
0
1
1
0
1
1
0
132
1
8
0
6
2
0
25
3
12
1
2
1
0
0
3
130
2
11
0
3
7
0
90
0
4
7
3
1
0
4
5
0
0
3
0
10
5
279
5
0
2
0
0
0
4
0
1
13
0
0
2
0
10
0
4
17
1
0
35
23
2
5
0
6
9
6
0
28
0
16
7
0
0
0
2
3
6
0
5
0
4
17
0
0
0
2
0
44
41
2
0
33
0
1
9
7
2
0
28
19
4
0
16
20
0
0
2
0
2
0
22
0
2
0
1
1
0
0
0
0
1
2
16
8
0
0
0
2
1
8
0
1
0
6
0
4
3
1
1
4
42
2230
3
13
22
0
18
0
0
0
23
11
0
4
0
1
21
1
41
158
16
1
19
2
1
32
13
0
18
8
2
1
2
0
0
0
57
32
0
1
2
0
0
6
3
3
1
1
0
1
0
1
0
1
3
11
6
7
2
73
0
1
29
16
1
0
2
2
0
1
0
3
32
30
4
0
0
3
7
4
0
2
1
5
1
0
0
1
2
3
3
12
0
3
0
56
1
1
3
0
0
8
0
0
2
0
2
6
0
60
26
67
624
3
2
0
0
2
0
2
0
3
2
4
2
1
0
8
0
4
0
0
0
2
0
8
2
0
0
0
3
0
5
6
1
0
4
0
0
2
4
10
4
2
0
26
3
29
0
0
0
0
36
0
1
1
4201
3
2
6
1
8
16
6
0
1
7
1
1
1
26
5
0
1
1
3
0
0
0
1
47
2
3
4
40
0
5
0
6
0
2
1
0
12
1
3
12
4
0
36
10
3
2
0
2
1
0
4
3
3
37
0
3
0
2
1
3
4
3
0
11
0
3
1
3
1
3
16
0
0
0
0
2
1
4
3
0
0
3
0
4
0
19
1
1
1
2
85
7
0
53
0
13
13
6
3
2
93
0
3
0
0
5
0
1
1
2
2
5
8
17
23
3
19
0
0
253
0
2
7
5
0
0
14
95
0
11
2
3
0
5
0
2
3
0
4
0
0
3
1
2
2
0
0
0
1
18
0
3
4
1
2
38
1
90
1
14
5
0
1
0
0
0
1
1
5
2
0
54
88
2
0
2
3
0
7
1
1
0
2
2
2
0
13
395
0
0
5
0
0
1
0
0
60
12
1
1
1
1
12
0
3
0
0
0
0
0
39
0
7
0
18
8
1
24
5
1
43
12
0
2
33
1
0
7
7
4
1
753
4
1
5
11
1
3
0
2
1
1
0
24
1
0
1
0
34
0
0
20
15
9
6
0
1
0
3
2
1
0
20
0
0
0
40
0
0
1
2
15
0
0
2
7
0
1
13
0
0
8
19
1
4
1
20
9
99
0
4
5
6
1
0
4
74
87
23
11
38
0
19
0
54
5
2
1
17
0
0
1
0
0
0
0
3
0
8
1
1
0
0
1
0
0
1
0
30
0
1
1
3
1
0
25
0
3
0
1
4
1
2
2
0
0
41
4
2
1
3
5
10
7
4
1
0
2
2
0
7
0
0
0
0
6
0
0
0
7
0
0
4
2
2
11
0
15
23
0
5
0
15
2
0
1
0
0
28
1
3
6
1
4
5
49
1
1
0
2
1
1
2
0
0
0
1
0
7
1
18
0
0
1
2
2
0
0
5
3
2
1
3
0
0
2
0
11
0
2
0
23
1
2
0
0
1
2
0
2
2
7
58
0
3
21
1
0
0
10
0
11
1
0
0
0
0
0
1
0
0
0
0
1
2
0
100
2
1
0
4
99
8
2
8
22
1
1
89
0
0
13
0
4
0
1
4
0
31
3
3
0
0
0
9
0
1
2
0
1
0
12
3
2
17
3
17
22
0
0
1
2
0
0
4
3
17
1
0
7
4
15
0
0
153
0
0
2
0
0
2
2
7
1
0
0
0
31
21
0
0
0
23
0
1
0
7
0
1
38
0
4
11
0
3
20
2
0
0
18
0
1
0
0
0
2
1
121
2
0
0
5
1
1
1
0
2
0
2
2
9
0
0
49
9
55
0
2
0
1
0
0
0
0
0
0
0
1
12
26
21
0
12
11
3
1
0
0
0
0
0
143
0
1
0
1
6
0
0
18
0
29
3
3
1
6
0
0
0
0
0
1
1
16
5
19
5
1
0
1
1
20
62
5
1
1
0
4
1
1
22
1
12
6
1
0
8
0
0
0
0
2
12
0
8
0
2
1
11
1
1
18
0
0
0
58
0
3
0
21
3
0
2
114
93
4
7
12
0
13
0
1
1
31
0
2
0
4
8
0
0
0
4
2
2
0
0
0
1
0
1
0
1
0
1
13
0
0
4
1
0
18
0
1
0
2
5
9
1
1
79
1
21
0
64
12
2
1
1
2
1
1
0
1
2
0
0
1
60
17
4
10
8
9
2
0
25
0
1
1
0
7
0
0
9
0
3
0
13
1
0
0
0
0
0
0
0
2
5
1
111
1
0
3
0
0
0
4
5
8
13
5
1
0
1
2
0
0
0
26
4
0
1
2
0
5
10
2
2
0
2
2
1
0
0
0
1
11
0
1
0
10
0
16
0
0
1
1
0
0
3
0
1
1
0
0
0
1
0
0
16
1
0
43
3
0
0
1
4
0
1
1
2
123
1
1
1
92
2
3
3
2
0
0
3
5
269
0
2
1
5
6
10
27
2
0
0
1
1
2
130
0
0
0
1
0
27
2
20
0
1
29
0
1
0
1
1
0
115
2
3
2
0
0
1
0
0
12
0
3
0
1
2
0
2
33
4
3
1
12
0
2
3
7
2
0
1
1
0
0
4
15
2
10
0
2
53
2
12
2
0
2
0
0
0
0
4
19
4
0
6
0
0
0
4
0
0
7
0
0
0
1
0
0
4
2
2
11
0
0
0
1
0
0
0
0
0
0
9
30
19
0
2
0
2
0
0
1
39
0
1
0
3
32
45
2
3
1
2
2
0
2
9
0
210
13
0
7
2
2
0
0
3
0
0
0
0
0
0
0
0
14
0
34
0
2
0
8
1
4
6
0
1
22
0
13
3
8
6
0
0
0
0
22
0
0
1
0
0
0
0
0
1
3
0
3
0
3
2
0
15
0
0
0
0
1
0
2
0
4
1
7
3
0
10
0
39
0
4
1
51
0
4
0
0
0
0
0
0
1
10
0
0
4
0
0
0
3
0
0
5
1
0
2
15
0
2
0
3
0
7
5
4
1
0
0
0
0
0
0
5
0
0
1
1
2
3
1
2
0
1
2
4
1
10
0
1
3
3
0
1
0
2186
1149
44
7
0
7
1
2
0
1
1
6
3
4
4
0
0
2
0
2
4
3
4
2
0
0
0
0
2
0
4
0
0
4
0
0
0
6
0
14
13
17
0
1
2
1
27
0
2
1
2
0
4
0
5
1
1
1
0
0
3
1
0
44
0
2
1
3
1
20
0
1
1
1
21
3
0
21
13
1
1
10
7
0
0
0
2
0
4
48
1
1
6
1
1
5
1
1
14
1
5
9
3
5
0
1
6
1
6
6
6
1
8
7
6
0
1
0
4
68
5
6
2
2
0
0
1
9
0
2
0
0
6
1
0
1
1
0
0
0
0
0
1
0
37
3
1
3
0
0
15
1
2
0
8
0
1
0
20
1
10
6
0
7
2
1
0
0
0
11
1
0
0
0
2
0
25
2
1
125
6
8
1
0
0
0
0
1
9
130
3
0
0
15
0
0
2
0
26
0
6
0
3
0
7
0
1
4
2
0
3
21
12
0
3
0
3
1
3
4
2
0
1
0
8
0
0
0
0
0
34
26
3
1
0
4
0
3
1
6
20
25
1
0
2
0
4
1
0
3
0
0
2
0
0
7
3
8
6
2
0
0
51
2
66
0
0
0
3
0
0
1
0
0
2
15
1
1
0
1
1
8
0
1
1
0
0
11
0
24
4
3
116
0
2
4
6
27
1
0
0
0
0
1
28
4
0
0
24
0
0
0
13
1
1
2
2
0
0
56
0
4
0
7
0
0
2
0
6
0
11
21
59
1
0
1
155
1
73
0
2
20
6
2
0
0
0
0
1
0
0
2
0
4
2
0
2
18
0
41
17
11
1
0
0
1
14
0
0
11
3
0
1
7
1
5
8
0
9
9
7
9
2
1
0
0
0
0
0
0
4
7
0
1
1
8
0
5
3
1
0
3
45
0
19
0
0
0
0
0
0
2
103
0
0
0
1
0
0
3
2
44
0
1
1
0
1
0
0
0
0
3
7
0
0
25
1
6
1
0
1
2
1
0
0
19
4
0
4
2
58
0
0
0
0
7
0
0
0
0
0
0
0
0
0
0
0
2
6
2
2
6
4
108
1
4
37
3
0
0
3
0
0
25
0
0
0
0
7
2
0
0
0
1
0
4
18
0
2
2
1
0
0
19
0
0
0
14
2
2
0
2
6
1
1
4
2
0
3
0
14
0
112
5
7
4
2
0
0
3
0
0
0
0
0
0
0
0
0
0
0
4
0
0
0
0
5
0
0
56
1
0
0
1
0
1
5
1
3
0
0
40
7
1
0
0
1
48
0
0
30
3
0
5
8
0
0
0
0
0
0
0
0
1
0
0
1
0
2
4
0
4
6
7
2
57
0
0
0
1
0
0
1
3
0
32
27
88
32
19
0
3
11
0
10
15
0
0
50
1
51
3
102
2
3
2
2
0
35
0
60
1
0
0
0
1
74
0
1
21
2
5
12
0
2
2
0
1
1
0
2
2
0
3
0
0
0
0
0
0
0
3
10
2
1
0
101
2
8
3
9
0
1
0
2
1
5
63
0
66
4
0
2
1
15
3
1
0
0
50
1
1
2
0
3
0
0
3
0
4
10
0
0
0
0
5
41
0
0
2
1
1
0
3
4
0
59
0
2
0
0
0
0
1
1
0
0
4
0
1
2
8
3
0
0
0
0
0
0
0
1
5
1
2
0
2
1
10
0
0
93
1
4
0
0
0
8
2
1
1
1
34
5
17
578
0
13
1
3
0
0
0
0
0
2
7
4
7
4
3
4
2
0
3
1
1
7
6
5
6
11
3
3
0
2
2
3
3
38
21
8
4
7
5
5
2
0
0
0
2
0
18
0
0
5
0
13
0
0
0
0
0
0
0
0
0
1
0
3
0
50
0
4
0
19
0
0
0
0
57
18
4
6
4
0
1
292
0
2
2
36
0
0
0
9
1
0
0
1
2
0
0
0
7
0
0
8
13
0
0
11
0
4
8
16
3
4
62
0
0
0
0
1
1
0
0
49
0
0
0
0
0
1
1
0
2
0
0
0
0
0
1
0
35
0
0
0
0
5
19
5
1
4
3
5
2
2
0
0
105
2
9
103
1
3
7
3
19
280
7
0
2
0
35
5
0
3
0
0
3
25
7
2
2
0
6
0
3
0
0
2
0
0
1
0
7
0
1
2
2
37
0
0
1
3
0
0
0
0
0
0
1
10
7
0
0
2
4
0
13
0
2
1
0
0
2
1
1
0
0
0
19
1
0
0
31
2
4
0
1
2
5
14
1
0
0
2
2
11
4
0
4
110
331
0
6
16
0
0
3
0
8
0
1
4
0
0
0
5
0
0
0
1
3
0
25
1
69
0
56
2
40
0
16
0
6
0
0
1
1
4
0
1
1
0
0
1
0
1
4
3
0
19
0
3
0
0
1
0
0
3
0
0
0
10
0
3
0
0
8
0
8
1
0
6
0
16
2
0
2
0
8
4
1
74
0
18
0
0
1
0
1
0
0
6
14
4
5
1
0
0
1
5
20
0
10
0
18
3
0
1
1
2
5
32
10
1
12
1
0
1
0
3
3
0
1
36
15
11
2
0
0
9
1
0
0
0
0
0
0
1
0
13
1
0
0
0
13
1
25
2
0
0
0
28
4
0
2
0
0
3
16
7
19
2
0
1
1
0
0
52
0
8
48
20
0
0
0
20
79
2
10
1
0
0
0
5
19
0
1
0
0
0
31
5
0
0
0
4
9
22
0
0
0
1
0
22
0
0
0
0
2
0
1
0
0
0
4
0
0
0
1
1
0
2
0
1
21
0
0
0
2
1
33
1
4
1
7
0
3
0
9
1
0
2
54
4
1
13
28
16
31
63
67
0
74
22
0
0
3
1
0
0
3
0
0
2
9
0
0
0
8
34
0
57
0
0
7
2
3
0
6
1
0
0
0
0
25
0
2
0
0
0
2
5
0
0
0
0
1
1
0
0
2
0
0
4
0
0
0
4
3
0
0
0
0
1
0
0
0
1
0
0
0
1
58
5
0
0
1
1
0
0
4
12
2
64
130
10
2
2
35
7
24
35
0
0
2
0
42
2
19
5
0
2
15
12
1
0
1
1
0
0
1
0
3
1
2
1
0
1
0
1
4
0
7
567
2
0
1
0
2
0
0
0
1
4
0
15
0
0
3
1
5
18
0
7
18
0
0
0
1
1
0
0
0
1
0
2
18
13
0
2
5
1
0
0
1
0
1
1
1
0
5
10
16
1
6
0
0
0
0
1
0
0
12
0
3
0
2
0
0
2
15
3
3
0
16
4
17
0
15
33
5
0
3
5
0
27
8
0
0
9
34
0
73
3
16
7
0
1
0
3
196
9
4
2
0
0
0
4
3
18
3
14
8
19
2
502
3
0
3
0
2
32
1
2
1
0
0
4
2
18
58
26
0
2
0
1
0
0
0
0
3
0
2
0
0
0
0
1
21
0
1
20
1
2
0
1
32
1
1
1
1
0
2
0
0
1
0
4
24
3
1
0
0
0
0
66
0
1
1
4
2
2
10
0
0
0
1
5
4
0
0
45
88
0
22
8
6
0
5
14
6
74
0
3
6
1
0
0
1
23
53
0
2
2
27
0
15
2
3
0
9
2
46
132
3
4
5
137
1
2
5
2
26
2
4411
0
0
2
0
0
8
1
0
0
0
3
2
6
0
0
18
0
30
22
0
3
0
31
0
0
0
7
0
0
1
0
0
1
13
0
3
0
0
0
0
0
0
0
0
0
4
0
1
0
0
8
0
0
8
0
0
0
0
1
11
24
22
0
0
1
0
3
2
0
0
4
0
0
0
0
18
0
4
2
38
0
240
9
289
74
427
13
1
0
1
0
0
0
0
0
25
5
2
0
5
3
10
15
28
1
2
0
0
3
2
2
10
83
4
0
34
12
0
47
2
0
44
0
41
3
4
12
13
2
9
5
0
10
1
0
0
0
1
5
2
0
0
1
0
1
2
43
2
0
0
0
1
1
0
0
12
0
4
0
0
1
7
7
0
0
0
0
0
2
67
0
58
6
5
0
0
0
0
8
9
2
2
3
0
1
0
2
0
2
1
0
6
1
8
3
44
0
3
17
1
4
3
587
1
0
4
4
40
5
0
2
10
8
6
26
91
14
0
6
29
0
10
41
0
0
2
0
0
2
2
6
3
4
2
2
0
0
1228
89
1
59
7
3
4
4
1
1
0
1
0
6
197
14
0
0
0
38
0
0
0
3
0
67
0
2
16
1
27
2
2
0
0
1
0
1
2
0
0
49
12
5
1
0
0
0
0
1
0
0
0
1
14
1
3
0
0
0
0
9
0
0
2
15
0
4
1
0
11
1
1
0
1
0
8
7
1
2
0
0
4
4
44
56
41
1
298
2
4
0
3
0
3
3
0
100
37
131
5
6
110
2
36
2
1
1
2
1
0
4
1
2
3
0
9
49
0
8
9
1
8
0
1
1
0
3
0
0
2
0
0
0
123
1
0
1
0
0
0
1
53
0
9
81
0
0
45
4
0
20
3
2
0
0
15
0
1
0
0
39
69
73
0
0
1
0
0
11
0
0
6
0
2
5
0
0
0
5
0
26
0
0
22
4
1
1
0
9
0
1
1
1
3
483
2
2
1
24
11
90
2
0
2
44
1
2
21
4
1
20
2
29
1
25
2
1
0
1542
22
3
0
0
0
0
3
70
0
0
132
1
1
3
0
0
0
0
0
249
1
107
0
25
26
0
1
2
0
1
0
1
3
0
1
0
2
46
1
0
0
10
0
2
2
0
0
1
0
70
10
2
52
0
0
2
0
3
8
0
11
0
0
15
3
2
11
0
0
0
7
0
6
16
0
0
0
0
0
0
23
4
0
2
3
6
1
23
0
0
0
3
0
0
0
2
150
2
3
1
2
1
1
15
6
42
163
16
1
10
60
0
8
2
2
3
0
2
14
1
1
20
23
0
14
8
378
1
32
0
105
2
1
2
10
0
0
1
64
0
10
1
118
0
8
0
5
0
0
9
0
0
0
21
6
0
72
0
2
15
0
2
0
0
0
1
1
0
11
9
0
0
8
3
0
0
3
0
0
10
1
1
43
0
0
2
1
0
0
0
0
0
0
0
0
0
1
0
1
1
5
7
3
0
1
0
0
1
0
3
0
0
9
0
0
0
0
1
0
1
0
11
0
0
1
1
0
0
6
200
10
0
0
0
0
0
2
10
11
7
170
0
0
7
0
1
4
0
0
4
0
1
0
4
2
0
8
1
0
0
0
3
3
1
178
244
0
52
0
6
0
39
7
0
13
52
0
0
0
0
0
1
0
8
1
0
1
0
1
0
1
139
0
0
0
2
5
1
0
1
2
15
0
4
2
0
5
2
20
0
0
8
1
6
15
4
1
0
1
0
50
73
0
1
59
0
2
0
0
0
1
1
5
0
62
6
1
7
1
3
3
5
5
2
1
23
10
0
59
7
9
7
1
0
1
1
0
0
0
2
2
1
0
1
1
4
20
2
0
2
2
0
5
2
1
0
0
14
0
0
0
2
1
17
1
1
1
0
116
4
2
0
0
1
0
0
1
7
3
0
3
0
6
0
0
1
0
1
8
0
27
0
0
16
1
0
1
1
58
0
0
0
0
0
1
3
2
0
6
3
4
1
1
0
0
0
0
3
3
0
0
2
1
54
2
5
0
2
0
1
0
2
1
0
0
0
10
0
0
0
1
121
0
1
0
1
0
1
2
0
1
0
1
3
0
0
1
0
3
2
0
1
0
0
1
2
74
1
3
0
0
71
0
0
0
1
0
3
0
0
0
1
0
5
26
12
0
79
2
0
0
1
13
0
34
0
1
0
0
2
3
1
2
0
0
0
2
0
0
1
0
0
1
13
2
0
2
0
0
11
3
3
2
2
11
3
1
2
0
0
0
2
0
6
0
4
12
0
9
15
1
0
2
1
0
2
1
2
3
0
0
6
8
118
12
2
7
0
0
9
0
0
0
1
0
0
0
1
14
0
0
29
0
0
2
0
0
5
0
10
4
6
23
7
6
47
11
0
4
0
0
1
30
2
0
2
22
0
67
0
8
0
0
0
43
43
42
0
0
48
8
9
3
0
37
71
0
0
1
0
1
0
1
5
0
0
25
0
0
0
29
69
0
370
7
57
0
0
0
1
0
1
1
24
5
5
0
5
0
0
3
8
0
16
7
1
1
1
0
2
7
5
0
2
3
2
6
7
1
0
0
49
33
2
26
2
1
1
0
2
0
7
0
0
4
0
1
0
2
8
0
4
0
3
0
1
2
10
0
0
0
44
0
1
8
0
3
0
5
3
0
0
4
34
7
2
3
17
6
1
11
1
9
2
0
3
2
7
1
2
0
0
0
2
1
0
0
9
0
2
1102
3
0
1
395
44
0
1
0
0
0
0
1
39
2
7
0
1
3
93
1
1
23
0
2
9
2
14
0
0
1
0
7
12
27
0
4
4
4
0
2
0
0
20
0
0
0
5
0
4
1
8
0
0
0
0
4
0
3
0
5
4
4
5
3
1
2
1
0
0
0
0
0
0
3
4
6
6
1
3
2
4
5
5
8
0
0
0
0
0
0
0
12
3
1
5
2
4
1
4
0
22
0
0
2
0
0
0
0
0
47
0
0
0
3
1
0
0
0
12
0
3
1
0
4
17
51
0
0
6
8
82
0
119
0
0
0
0
3
4
2
0
0
3
0
0
0
1
0
56
0
5
0
0
2
0
45
4
0
0
0
31
4
0
0
3
2
0
1
22
1
0
1
1
0
0
0
0
2
0
3
10
0
46
0
0
0
10
5
0
0
0
0
506
0
0
6
0
9
0
2
2
1
1
1
0
22
0
4
8
1
0
0
0
29
1
0
7
0
0
0
1
3
0
0
65
0
6
6
3
2
1
5
0
0
0
1
0
4
28
0
19
2
1
0
3
0
1
50
31
12
1
1
111
2
38
1
1
1
0
4
3
4
2
3
0
0
0
2
5
0
0
1
8
0
0
1
3
0
0
0
0
0
11
2
70
0
0
2
11
3
0
3
2
14
2
1
0
0
1
0
117
92
35
1
1
0
1
1
11
7
1
7
3
4
1
1
13
0
0
0
0
0
0
4
0
2
1
1
9
0
10
0
3
2
0
0
2
2
0
7
0
0
30
0
9
2
1
8
0
4
2
0
0
1
1
0
3
3
2
10
0
4
2
0
2
53
3
4
33
1
0
0
0
0
0
1
8
0
0
0
6
0
0
23
0
0
0
10
1
0
1
0
3
6
0
30
0
0
7
1
2
0
39
2
0
0
4
2
54
3
0
1
0
0
1
0
1
0
6
4
0
0
0
0
5
25
0
0
0
1
4
1
1
2
0
3
0
1
1
0
0
44
7
2
0
7
0
0
0
8
0
2
1
7
6
133
0
4
28
0
4
1
32
3
4
0
2
70
0
3
3
2
0
1
1
18
1
2
0
0
0
1
1
9
0
1
0
1
2
0
78
1
4
1
10
1
2
0
10
0
1
2
12
4
1
9
0
0
3
1
0
3
3
0
26
0
3
0
6
2
126
0
1
8
2
0
0
0
0
0
0
0
2
0
0
4
0
3
0
3
20
5
28
0
0
0
1
5
0
5
2
1
5
3
39
1
0
1
5
6
6
36
1
4
0
7
1
2
0
2
0
0
0
0
4
1
0
0
0
1
0
40
2
4
1
1
4
3
0
1
12
15
52
4
0
1
11
49
0
0
0
1
2
6
0
273
0
5
0
20
0
1
3
38
1
0
1
40
1
0
0
30
4
5
8
0
0
0
0
0
0
0
0
1
0
1
0
84
0
0
0
8
0
0
2
0
5
75
48
7
7
21
3
0
2
0
0
2
0
1
0
0
4
2
1
0
0
0
5
6
4
1
7
2
0
1
5
3
0
2
0
1
12
0
0
13
1
1
0
0
2
2
4
0
7
7
0
0
0
25
0
0
2
2
36
31
0
6
11
0
0
1
0
39
8
0
17
0
0
2
0
4
2
1
1
2
0
0
3
1
2
2
11
1
0
1
7
2
2
1
7
0
0
0
1
0
0
1
10
3
9
0
2
0
0
5
0
0
1
0
6
0
0
5
0
8
17
6
3
8
0
1
2
0
6
0
2
62
13
6
1
0
1
7
1
2
39
1
33
4
2
0
0
25
0
28
0
4
0
0
1
14
0
0
2
11
17
0
1
2
1
0
0
2
0
6
0
0
0
1
1
0
0
0
0
0
0
1
0
2
2
0
4
1
1
0
0
1
158
7
7
1
4
2
0
0
2
0
0
0
2
9
434
2
1
1
0
20
1
0
2
6
1
4
0
11
0
0
1
2
0
3
5
0
0
0
9
0
2
45
3
2
0
29
2
0
1
1
0
0
4
1
0
4
1
0
5
0
7
8
3
0
0
40
0
35
1
0
0
3
20
9
1
1
2
0
0
0
1
0
0
1
1
0
2
0
0
0
0
11
51
1
0
4
6
18
2
1
26
0
30
2
1
20
4
0
2
3
0
1
6
5
1
1
8
5
16
0
0
0
3
5
3
0
5
41
0
1
0
3
3
48
5
5
1
1
5
2
2
1
0
1
4
4
3
8
68
1
1
34
65
1
138
0
0
119
0
0
0
1
10
2
1
1
5
2
17
0
1
0
0
1
53
0
0
0
1
40
1
0
2
5
4
1
1
4
0
3
2
1
0
1
1
0
1
0
80
0
1
1
0
29
6
0
0
0
2
0
28
2
1
12
1
99
5
4
13
0
0
2
2
2
0
2
11
1
1
255
0
1
0
0
2
1
1
3
0
5
0
88
15
1
9
4
0
0
3
0
0
0
0
1
1
3
1
11
0
0
0
3
0
3
1
0
6
0
0
1
1
2
1
1
3
0
0
10
3
10
1
0
0
0
5
0
2
1
0
0
0
2
0
1
31
0
2
1
1
0
0
3
0
10
12
94
4
2
0
7
1
6
0
0
0
2
0
8
1
7
5
25
4
0
28
1
0
2
4
0
0
2
0
26
8
0
17
0
9
1
9
2
612
9
11
10
14
0
0
0
0
0
1
0
2
6
2
0
0
0
9
2
0
0
1
1
0
0
0
14
5
0
4
0
0
0
1
0
2
2
0
1
16
2
0
5
0
0
1
6
3
0
2
1
6
1
5
6
1
36
4
6
9
3
0
4
2
24
1
0
1
11
4
17
8
7
0
2
2
0
26
0
0
0
0
0
0
3
1
112
92
1
69
3
1
25
4
41
3
19
16
0
2
0
0
0
3
3
1
0
7
6
2
0
1
2
0
0
0
0
54
3
4
1
1
1
4
0
3
0
0
3
22
0
0
30
4
0
0
21
794
48
1
3
1
0
0
6
8
0
0
0
0
0
1
2
0
0
1
0
0
2
4
13
0
2
4
1
2
5
0
0
1
1
1
0
19
1
14
0
22
635
12
17
4
18
35
0
69
5
1
0
1
1
1
7
1
6
1
2
5
1
2
1
1
0
0
86
4
4
2
0
0
1
0
0
1
0
2
18
9
0
1
0
13
1
10
1
6
6
4
2
1
2
8
0
3
5
1
17
1
1
1
4
5
1
1
1
0
73
7
2
4
0
0
0
1
1
0
0
8
0
41
21
0
0
3
1
2
387
29
0
22
1
5
1
0
1
0
3
11
19
3
4
1
5
1
0
1
0
0
7
0
6
0
0
2
23
0
21
16
1
2
1
2
0
1
0
0
0
6
1
5
1
2
0
0
0
3
1
10
4
5
5
1
0
18
0
0
0
0
0
10
7
2
0
0
0
78
1
0
2
3
0
0
0
0
1
0
23
3
5
1
0
0
10
13
0
0
0
1
0
1
1
5
36
2
0
0
6
2
6
0
2
0
0
28
0
3
2
0
0
4
0
0
0
0
1
0
9
7
2
1
1
0
1
5
2
1
156
0
0
3
1
0
2
9
0
100
46
0
0
0
2
12
28
1
61
2
1
0
1
2
35
12
0
0
0
10
14
2
38
0
0
2
0
1
0
32
0
18
0
2
6
0
0
1
0
6
0
0
1
1
16
4
1
0
0
0
0
3
0
4
1
0
1
1
3
5
1
0
4
29
0
1
0
1
1
2
0
0
21
0
2
249
0
11
1
8
5
0
33
0
3
5
2
0
2
5
0
3
4
2
0
1
21
1
12
3
15
10
1
0
1
2
1
0
0
0
0
0
10
0
126
0
10
0
2
0
0
0
31
1
0
1
3
1
0
0
1
0
4
1
1
3
10
0
36
1
0
0
1
0
65
0
0
0
11
0
0
0
3
3
1
1
1
0
1
0
0
7
2
0
9
0
2
0
3
3
0
0
2
5
0
2
1
2
65
3
2
11
0
18
1
1
0
0
0
0
4
16
0
11
0
12
1
0
102
465
8
1
0
0
1
0
2
1
5
0
0
0
0
11
0
0
2
1
2
0
0
0
0
84
0
0
0
0
0
3
0
12
0
9
2
3
1
16740
0
0
3
1
0
1
1
0
11
2
1
4
0
0
2
3
0
0
31
166
0
0
1
2
3
0
123
193
0
2
257
8
1
0
3
0
5
0
3
0
0
0
0
1
2
3
15
0
1
1
3
42
19
0
0
0
0
9
1
1
0
19
1
2
2
0
1
0
0
1
2
1
67
233
3
0
11
1
6
1
6
2
1
0
0
0
0
0
0
25
1
4
6
0
1
1
3
6
4
185
67
5
1
0
9
4
9
3
2
2
2
0
0
0
0
2
3
0
6
4
3
3
3
3
2
0
4
1
1
22
1
1
0
47
3
2
1
1
0
0
0
0
21
0
2
1
0
2
0
2
0
1
160
0
44
0
0
0
125
10
14
0
3
0
5
3
0
3
4
0
3
78
0
0
26
0
2
2
1
12
53
4
0
0
3
2
1
13
1
0
0
0
20
0
4
0
0
0
0
0
5
5
1
0
3
1
0
0
0
0
0
15
0
1
2
18
0
0
1
0
0
0
4
5
2
0
0
0
0
6
0
3
30
0
1
2
1
2
4
0
1
1
1
0
1
1
5
1
3
1
3
5
0
76
4
0
0
0
2
3
3
3
0
0
0
0
0
0
9
0
0
2
0
0
5
1
2
4
5
3
0
0
0
27
13
0
0
2
0
5
0
0
0
5
15
0
0
7
1
0
0
0
0
0
2
5
0
2
1
1
0
0
1
0
0
4
3
1
0
0
50
0
0
58
12
5
0
1
0
0
1
1
8
30
0
121
0
15
3
2
1
127
8
0
22
0
6
0
0
1
1
5
0
1
0
8
0
4
2
0
1
2
5
0
1
22
0
0
4
0
2
7
0
0
6
0
0
2
0
2
0
14
0
0
1
7
0
5
0
0
2
0
2
1
18
2
1
2
0
1
1
1
2
1
0
0
0
0
0
1
2
106
0
2
1
2
7
22
9
12
1
0
1
0
3
25
1
1
5
0
1
4
0
48
0
2
1
2
0
2
0
58
1
0
0
38
3
2
13
29
1
1
1
90
2
2
1
0
0
2
22
0
126
0
0
4
0
0
8
0
0
0
5
9
3
10
3
6
0
5
111
8
0
0
11
0
2
0
0
0
1
1
0
2
2
0
1
6
1
1
0
0
2
0
0
1
0
0
0
0
0
0
0
1
1
2
13
7
0
0
1
2
0
1
1
35
1
0
0
0
0
0
2
1
0
0
0
1
6
0
1
0
2
0
2
2
0
0
0
0
0
25
18
0
244
2
0
0
0
0
0
1
1
9
3
0
1
8
2
1
0
0
3
0
19
0
1
2
0
3
1
0
9
9
3
8
0
2
0
1
1
0
0
1
1
7
2
0
1
13
0
1
1
0
4
0
1
0
6
0
0
70
0
0
2
0
0
0
15
0
6
11
0
0
2
0
0
0
0
0
0
0
0
1
0
0
0
1
4
0
1
0
1
39
0
26
5
0
0
1
14
0
3
5
0
5
2
38
0
10
1
0
4
1
0
0
0
0
0
3
0
27
0
2
0
0
9
12
2
2
111
1
1628
9
6
3
0
1
14
0
33
55
0
0
2
0
5
1
2
1
0
0
0
9
37
12
3
0
0
1
5
1
3
1
0
17
6201
5
5
1
2
1
8
0
0
0
20
41
0
1
0
2
0
0
0
3
1
6
4
2
1
0
3
2
0
0
15
1
7
0
0
229
0
0
45
0
20
2
0
1
4
3
2
2
1
2
1
0
1
1
2
1
0
2
9
34
0
8
1
2
1
0
0
1
2
7
2
4
2
4
4
5
1
0
1
1
0
0
0
1
1
0
0
0
40
119
32
0
2
0
52
0
15
0
10
0
0
0
0
0
6
4
0
10
0
3
2
1
2
1
0
1
3
0
0
0
5
15
11
21
33
2
2
16
2
5
0
312
1
0
25
3762
7
4
0
8
6
2
98
0
8
15
17
11
0
0
1
1
0
2
0
0
2
1
1
53
4
30
1
0
25
0
0
1
19
1
58
46
2
8
3
11
0
5
3
0
20
6
3
0
263
1
0
0
0
1
7
4
0
2
3
0
0
0
0
1
0
0
1
0
2
1
0
1
0
38
0
0
0
1
1
0
14
13
1
0
0
26
11
84
0
6
0
1
11
44
6
0
3
21
867
0
0
4
1
0
0
8
1
0
5
0
0
0
0
1
0
12
0
0
2
0
0
0
1
0
1
0
23
0
6
0
5
0
5
0
1
5
0
0
0
14
2
1
1
15
9
8
0
0
0
8
11
1
4
35
115
25
30
0
3
3
0
0
0
0
1
7
1
1
2
50
3
4
0
0
1
1
2
0
0
0
2
1
15
1
0
4
1
1
45
0
0
0
0
15
0
0
18
0
1
1
3
1
0
10
3
17
25
0
0
2
5
3
2
0
247
1
104
18
1
0
1
1
1
1
2
2
4
0
0
18
15
7
0
1
1
0
1
0
0
0
0
0
0
0
2
0
100
5
0
0
0
7
3
7
7
2
0
1
5
6
0
2
82
0
0
22
3
0
20
3
123
1
2
4
278
0
0
0
0
1
1
0
2
1
0
0
0
0
2
2
0
0
1
2
1
0
0
0
7
1
0
0
0
2
437
20
0
0
2
3533
13
3
0
0
35
0
3
87
0
3
6
1
246
1
3
27
2
0
0
6
0
2
10
1
1
1
3
2
1
0
2
2
0
0
8
1
4
0
0
2
4
1
2
1
5
6
55
0
3
725
3
0
6
0
11
0
93
1
3
0
2
4
7
0
1
3
0
0
0
0
0
0
0
0
2
2
1
5
6
1
0
3
0
0
0
3
1
31
2
1
2
1
9
2
1
3
10
1
2
0
22
2
4
2
15
4
207
56
6
14
10
16
2
47
55
2
27
0
1
0
0
14
0
2
0
0
1
21
1
1
0
22
1
2
26
1
2
0
1
3
2
36
4
9
3
1
4
280
16
261
7
13
5
3
9
33
23
528
0
2
0
2
0
6
0
18
0
6
0
0
0
0
134
5
0
0
0
0
5
8
0
1
9
0
0
6
1
10
249
7
2
1
1
1
1
4
0
7
1
4
2
0
9
0
1
2
0
8
0
6
30
1
9
0
0
0
0
0
0
0
0
0
0
1
5
0
1
18
4
26
15
5
2
22
6
6
6
49
38
82
0
0
140
1
6
0
5
11
17
15
14
0
0
0
0
0
0
0
0
0
6
26
0
12
15
2
17
5
4
41
1
1200
20
62
42
81
0
40
8
0
0
2
14
0
16
0
0
2
1
1
6
0
10
0
0
1
2
72
5
0
7
2
16
4
1
15
12
2
41
30
33
162
0
0
5
2
2
0
0
0
0
1
1
0
0
0
11
0
6
3
26
52
9
0
33
2
39
6
1
7
9
83
2
1735
0
0
2
31
2
62
0
3
0
4
6
2
0
0
0
1
10
44
18
0
0
1
18
2
10
6
318
6
11
54
4
1
6
0
10
1
11
1
4
3
1
4
0
1
2
15
1
0
1
2
2
1
13
21
34
6
12
31
58
7
3
4
1
6
2
3
1
0
0
0
10
0
1
11
11
0
1
4
8
3
11
6
1
8
10
2
0
3
5
0
1
1
0
8
3
3
2
2
3
164
3
1
0
4
0
0
10
3
1
0
6
7
0
0
1
4
0
5
170
15
23
129
5
13
34
4
4
15
8
1
5
2
174
0
32
6
2
33
2
64
14
869
26
2
0
15
2
27
53
2
0
0
0
0
0
0
0
0
1
5
49
0
0
25
0
1
80
3557
0
24
1
3
0
14
0
11
0
1
0
7
15
3
39
11
3
4
2
10
0
1
8
1
0
5
49
0
0
2
3
0
0
0
0
1
1
501
0
1987
0
6
3
641
1
9
79
79
0
0
0
0
2
1
2
1
0
0
15
12
3
104
0
3
2
1
1
1
3
2
0
2
1
10
0
12
1
0
1
0
0
5
1
12
5
0
0
1
5
0
3
0
1
6907
0
11
36
13
101
0
0
1385
3
0
1
5
2
10
3
1
1
0
0
2
82
33
0
21
2
1
1
79
1
0
0
2
2
161
0
0
0
45
9
3
87
4766
24
1
4
0
1
0
0
0
17
0
0
244
5
0
1
1
18
0
0
12
1
15
1
0
0
0
1
23
0
14
97
26
4
64
55
58
0
0
0
2
0
0
0
9
0
1
1
0
4
0
0
1
2
209
1
11
2
1
1
11
0
1
0
25
0
0
0
0
4
0
39
0
0
6
0
0
0
51
3
8
0
2
13
1
2
3
8
2
0
1
1
24
0
5
0
15
1
0
8
1
1
33
1
0
0
1
0
1
2
0
2
23
5
28
1
1
3
10
0
0
4
1
163
55
0
1
1
12
1
12
0
0
0
57
2
15
0
2
1
3
0
6
1
0
0
0
3
2
2
3
0
33
0
0
2
5
0
18
0
36
3
1
0
8
6
55
0
89
221
11
0
2
1
15
2
55
1
15
3
0
191
1
6
3
1
0
8
16
1
0
0
0
0
0
52
0
24
0
290
1
0
3
528
0
33
7
23
0
0
6
1
1
7
0
20
4
24
3
1
0
3
0
11
0
11
3
1
57
17
0
0
19
0
15
0
2
6
1
1580
0
0
0
13
10
24
1
130
0
0
4
16
0
1
7
1
2
5
17
0
1
3
60
5
1
8
0
280
19
23
0
1
0
0
0
0
2
0
0
52
5
1
3
2
1
8
1
1
1
26
2
0
4
28
0
111
2
2
0
18
2
31
0
2
0
16
0
2312
128
1
31
73
1
85
3
28
0
5
2
79
0
4
2
0
0
0
1
72
0
352
5
6
82
41
0
1
0
498
5
0
94
5
3
0
0
0
41
46
30
20
3
118
0
1
0
0
4
0
1
24
170
1401
4
0
0
1
147
5
3
37
4
1
0
3
1
1
9
0
1
2
1
0
11
0
0
0
0
16
13
9
1
1
6
0
0
4
1
40
16
90
35
139802
3
0
2
68
15
9
2
5
1
1
0
0
0
17
4
22
11
6
5
47
34
0
22
4
0
60
1
44
44
46
2
0
3
33
0
4
7
2766
72
3
1
0
0
0
2
0
1
0
1
11
1
21
0
0
0
2
0
1
1
0
1
0
0
1
0
6
2
2
3
1
0
16
0
0
0
0
4
0
4
75
8
4
1
17
316
0
0
0
1
1
1
0
1
4
1
1
76
4
1
1
0
38
2
0
3
0
0
11
1
83753
1
2
3
0
4
34
0
10
1
14
6
1
0
7
0
14
2
9
0
0
